Timestamp,Heart_rate,Feedback
2023-08-11 15:47:31.179,95.0,
2023-08-11 15:47:32.168,94.0,
2023-08-11 15:47:33.159,94.0,
2023-08-11 15:47:34.193,94.0,
2023-08-11 15:47:35.228,93.0,
2023-08-11 15:47:36.173,93.0,
2023-08-11 15:47:37.164,92.0,
2023-08-11 15:47:38.244,91.0,
2023-08-11 15:47:39.233,90.0,
2023-08-11 15:47:40.178,89.0,
2023-08-11 15:47:41.169,88.0,
2023-08-11 15:47:42.159,87.0,
2023-08-11 15:47:43.148,85.0,
2023-08-11 15:47:44.183,84.0,
2023-08-11 15:47:45.174,83.0,
2023-08-11 15:47:46.568,82.0,
2023-08-11 15:47:47.558,82.0,
2023-08-11 15:47:48.548,81.0,
2023-08-11 15:47:49.538,80.0,
2023-08-11 15:47:50.528,79.0,
2023-08-11 15:47:51.519,79.0,
2023-08-11 15:47:52.509,79.0,
2023-08-11 15:47:53.498,79.0,
2023-08-11 15:47:54.488,80.0,
2023-08-11 15:47:55.478,80.0,
2023-08-11 15:47:56.468,81.0,
2023-08-11 15:47:57.458,82.0,
2023-08-11 15:47:58.448,83.0,
2023-08-11 15:47:59.438,84.0,
2023-08-11 15:48:00.428,84.0,
2023-08-11 15:48:45.474,88.0,
2023-08-11 15:48:46.463,88.0,
2023-08-11 15:48:47.452,87.0,
2023-08-11 15:48:48.442,87.0,
2023-08-11 15:48:49.433,87.0,
2023-08-11 15:48:50.424,87.0,
2023-08-11 15:48:51.413,87.0,
2023-08-11 15:48:52.402,87.0,
2023-08-11 15:48:53.393,86.0,
2023-08-11 15:48:54.383,86.0,
2023-08-11 15:48:55.372,85.0,
2023-08-11 15:48:56.363,85.0,
2023-08-11 15:48:57.353,85.0,
2023-08-11 15:48:58.343,85.0,
2023-08-11 15:48:59.333,85.0,
2023-08-11 15:49:00.323,85.0,
2023-08-11 15:49:01.313,85.0,
2023-08-11 15:49:02.303,85.0,
2023-08-11 15:49:03.293,85.0,
2023-08-11 15:49:04.283,85.0,
2023-08-11 15:49:05.273,86.0,
2023-08-11 15:49:06.263,86.0,
2023-08-11 15:49:07.253,86.0,
2023-08-11 15:49:08.738,86.0,
2023-08-11 15:49:09.233,86.0,
2023-08-11 15:49:10.223,86.0,
2023-08-11 15:49:11.213,86.0,
2023-08-11 15:49:12.202,85.0,
2023-08-11 15:49:13.193,85.0,
2023-08-11 15:49:14.183,85.0,
2023-08-11 15:49:15.172,85.0,
2023-08-11 15:49:16.163,85.0,
2023-08-11 15:49:17.153,85.0,
2023-08-11 15:49:18.638,85.0,
2023-08-11 15:49:19.627,84.0,
2023-08-11 15:49:20.618,84.0,
2023-08-11 15:49:21.607,84.0,
2023-08-11 15:49:22.597,84.0,
2023-08-11 15:49:23.588,85.0,
2023-08-11 15:49:24.577,85.0,
2023-08-11 15:49:25.567,85.0,
2023-08-11 15:49:26.558,85.0,
2023-08-11 15:49:27.547,86.0,
2023-08-11 15:49:28.537,86.0,
2023-08-11 15:49:29.527,87.0,
2023-08-11 15:49:30.518,87.0,
2023-08-11 15:49:31.507,88.0,
2023-08-11 15:49:32.498,88.0,
2023-08-11 15:49:33.488,88.0,
2023-08-11 15:49:34.477,88.0,
2023-08-11 15:49:35.467,88.0,
2023-08-11 15:49:36.458,89.0,
2023-08-11 15:49:37.447,91.0,
2023-08-11 15:49:38.438,91.0,
2023-08-11 15:49:39.427,92.0,
2023-08-11 15:49:40.418,92.0,
2023-08-11 15:49:41.407,92.0,
2023-08-11 15:49:42.397,92.0,
2023-08-11 15:49:43.387,92.0,
2023-08-11 15:49:44.377,92.0,
2023-08-11 15:49:45.368,92.0,
2023-08-11 15:49:46.358,92.0,
2023-08-11 15:49:47.347,92.0,
2023-08-11 15:49:48.337,92.0,
2023-08-11 15:49:49.327,92.0,
2023-08-11 15:49:50.317,92.0,
2023-08-11 15:49:51.307,92.0,
2023-08-11 15:49:52.297,91.0,
2023-08-11 15:49:53.288,90.0,
2023-08-11 15:49:54.277,90.0,
2023-08-11 15:49:55.268,89.0,
2023-08-11 15:49:56.257,88.0,
2023-08-11 15:49:57.248,87.0,
2023-08-11 15:49:58.238,86.0,
2023-08-11 15:49:59.227,86.0,
2023-08-11 15:50:00.217,85.0,
2023-08-11 15:50:01.207,85.0,
2023-08-11 15:50:02.198,85.0,
2023-08-11 15:50:03.187,85.0,
2023-08-11 15:50:04.177,85.0,
2023-08-11 15:50:05.167,85.0,
2023-08-11 15:50:06.158,86.0,
2023-08-11 15:50:07.147,86.0,
2023-08-11 15:50:07.669,86.0,Start
2023-08-11 15:50:07.710,,
2023-08-11 15:50:07.712,,
2023-08-11 15:50:07.714,,
2023-08-11 15:50:07.715,,
2023-08-11 15:50:07.791,,
2023-08-11 15:50:07.793,,
2023-08-11 15:50:07.794,,
2023-08-11 15:50:07.796,,
2023-08-11 15:50:07.870,,
2023-08-11 15:50:07.872,,
2023-08-11 15:50:07.874,,
2023-08-11 15:50:07.876,,
2023-08-11 15:50:07.952,,
2023-08-11 15:50:07.954,,
2023-08-11 15:50:07.957,,
2023-08-11 15:50:07.959,,
2023-08-11 15:50:08.034,,
2023-08-11 15:50:08.036,,
2023-08-11 15:50:08.039,,
2023-08-11 15:50:08.041,,
2023-08-11 15:50:08.123,,
2023-08-11 15:50:08.125,,
2023-08-11 15:50:08.127,,
2023-08-11 15:50:08.128,,
2023-08-11 15:50:08.207,,
2023-08-11 15:50:08.209,,
2023-08-11 15:50:08.211,,
2023-08-11 15:50:08.213,,
2023-08-11 15:50:08.293,,
2023-08-11 15:50:08.295,,
2023-08-11 15:50:08.297,,
2023-08-11 15:50:08.299,,
2023-08-11 15:50:08.380,,
2023-08-11 15:50:08.382,,
2023-08-11 15:50:08.383,,
2023-08-11 15:50:08.385,,
2023-08-11 15:50:08.459,,
2023-08-11 15:50:08.462,,
2023-08-11 15:50:08.464,,
2023-08-11 15:50:08.466,,
2023-08-11 15:50:08.549,,
2023-08-11 15:50:08.551,,
2023-08-11 15:50:08.552,,
2023-08-11 15:50:08.554,,
2023-08-11 15:50:08.626,,
2023-08-11 15:50:08.628,,
2023-08-11 15:50:08.630,,
2023-08-11 15:50:08.632,86.0,
2023-08-11 15:50:08.632,,
2023-08-11 15:50:08.709,,
2023-08-11 15:50:08.711,,
2023-08-11 15:50:08.713,,
2023-08-11 15:50:08.715,,
2023-08-11 15:50:08.790,,
2023-08-11 15:50:08.792,,
2023-08-11 15:50:08.794,,
2023-08-11 15:50:08.795,,
2023-08-11 15:50:08.877,,
2023-08-11 15:50:08.879,,
2023-08-11 15:50:08.881,,
2023-08-11 15:50:08.883,,
2023-08-11 15:50:08.959,,
2023-08-11 15:50:08.960,,
2023-08-11 15:50:08.962,,
2023-08-11 15:50:08.964,,
2023-08-11 15:50:09.036,,
2023-08-11 15:50:09.038,,
2023-08-11 15:50:09.041,,
2023-08-11 15:50:09.043,,
2023-08-11 15:50:09.119,,
2023-08-11 15:50:09.121,,
2023-08-11 15:50:09.123,,
2023-08-11 15:50:09.124,,
2023-08-11 15:50:09.201,,
2023-08-11 15:50:09.203,,
2023-08-11 15:50:09.204,,
2023-08-11 15:50:09.206,,
2023-08-11 15:50:09.281,,
2023-08-11 15:50:09.282,,
2023-08-11 15:50:09.284,,
2023-08-11 15:50:09.286,,
2023-08-11 15:50:09.359,,
2023-08-11 15:50:09.360,,
2023-08-11 15:50:09.362,,
2023-08-11 15:50:09.364,,
2023-08-11 15:50:09.446,,
2023-08-11 15:50:09.448,,
2023-08-11 15:50:09.449,,
2023-08-11 15:50:09.451,,
2023-08-11 15:50:09.524,,
2023-08-11 15:50:09.526,,
2023-08-11 15:50:09.528,,
2023-08-11 15:50:09.530,,
2023-08-11 15:50:09.602,,
2023-08-11 15:50:09.604,,
2023-08-11 15:50:09.605,,
2023-08-11 15:50:09.607,,
2023-08-11 15:50:09.623,86.0,
2023-08-11 15:50:09.685,,
2023-08-11 15:50:09.687,,
2023-08-11 15:50:09.689,,
2023-08-11 15:50:09.692,,
2023-08-11 15:50:09.772,,
2023-08-11 15:50:09.774,,
2023-08-11 15:50:09.777,,
2023-08-11 15:50:09.779,,
2023-08-11 15:50:09.865,,
2023-08-11 15:50:09.866,,
2023-08-11 15:50:09.868,,
2023-08-11 15:50:09.870,,
2023-08-11 15:50:09.944,,
2023-08-11 15:50:09.945,,
2023-08-11 15:50:09.947,,
2023-08-11 15:50:09.949,,
2023-08-11 15:50:10.021,,
2023-08-11 15:50:10.022,,
2023-08-11 15:50:10.024,,
2023-08-11 15:50:10.026,,
2023-08-11 15:50:10.102,,
2023-08-11 15:50:10.104,,
2023-08-11 15:50:10.105,,
2023-08-11 15:50:10.107,,
2023-08-11 15:50:10.191,,
2023-08-11 15:50:10.193,,
2023-08-11 15:50:10.195,,
2023-08-11 15:50:10.196,,
2023-08-11 15:50:10.269,,
2023-08-11 15:50:10.271,,
2023-08-11 15:50:10.273,,
2023-08-11 15:50:10.274,,
2023-08-11 15:50:10.351,,
2023-08-11 15:50:10.353,,
2023-08-11 15:50:10.355,,
2023-08-11 15:50:10.356,,
2023-08-11 15:50:10.436,,
2023-08-11 15:50:10.438,,
2023-08-11 15:50:10.440,,
2023-08-11 15:50:10.442,,
2023-08-11 15:50:10.516,,
2023-08-11 15:50:10.518,,
2023-08-11 15:50:10.521,,
2023-08-11 15:50:10.523,,
2023-08-11 15:50:10.602,,
2023-08-11 15:50:10.604,,
2023-08-11 15:50:10.606,,
2023-08-11 15:50:10.608,,
2023-08-11 15:50:10.612,86.0,
2023-08-11 15:50:10.692,,
2023-08-11 15:50:10.694,,
2023-08-11 15:50:10.696,,
2023-08-11 15:50:10.698,,
2023-08-11 15:50:10.771,,
2023-08-11 15:50:10.773,,
2023-08-11 15:50:10.774,,
2023-08-11 15:50:10.776,,
2023-08-11 15:50:10.851,,
2023-08-11 15:50:10.853,,
2023-08-11 15:50:10.855,,
2023-08-11 15:50:10.857,,
2023-08-11 15:50:10.930,,
2023-08-11 15:50:10.932,,
2023-08-11 15:50:10.934,,
2023-08-11 15:50:10.936,,
2023-08-11 15:50:11.010,,
2023-08-11 15:50:11.012,,
2023-08-11 15:50:11.013,,
2023-08-11 15:50:11.015,,
2023-08-11 15:50:11.089,,
2023-08-11 15:50:11.092,,
2023-08-11 15:50:11.093,,
2023-08-11 15:50:11.095,,
2023-08-11 15:50:11.171,,
2023-08-11 15:50:11.173,,
2023-08-11 15:50:11.176,,
2023-08-11 15:50:11.178,,
2023-08-11 15:50:11.253,,
2023-08-11 15:50:11.255,,
2023-08-11 15:50:11.257,,
2023-08-11 15:50:11.259,,
2023-08-11 15:50:11.332,,
2023-08-11 15:50:11.334,,
2023-08-11 15:50:11.336,,
2023-08-11 15:50:11.339,,
2023-08-11 15:50:11.417,,
2023-08-11 15:50:11.420,,
2023-08-11 15:50:11.422,,
2023-08-11 15:50:11.424,,
2023-08-11 15:50:11.506,,
2023-08-11 15:50:11.508,,
2023-08-11 15:50:11.509,,
2023-08-11 15:50:11.512,,
2023-08-11 15:50:11.596,,
2023-08-11 15:50:11.598,,
2023-08-11 15:50:11.600,,
2023-08-11 15:50:11.601,,
2023-08-11 15:50:11.602,86.0,
2023-08-11 15:50:11.679,,
2023-08-11 15:50:11.681,,
2023-08-11 15:50:11.684,,
2023-08-11 15:50:11.686,,
2023-08-11 15:50:11.765,,
2023-08-11 15:50:11.768,,
2023-08-11 15:50:11.770,,
2023-08-11 15:50:11.772,,
2023-08-11 15:50:11.846,,
2023-08-11 15:50:11.848,,
2023-08-11 15:50:11.850,,
2023-08-11 15:50:11.852,,
2023-08-11 15:50:11.924,,
2023-08-11 15:50:11.926,,
2023-08-11 15:50:11.928,,
2023-08-11 15:50:11.929,,
2023-08-11 15:50:12.003,,
2023-08-11 15:50:12.005,,
2023-08-11 15:50:12.006,,
2023-08-11 15:50:12.008,,
2023-08-11 15:50:12.084,,
2023-08-11 15:50:12.086,,
2023-08-11 15:50:12.088,,
2023-08-11 15:50:12.090,,
2023-08-11 15:50:12.177,,
2023-08-11 15:50:12.180,,
2023-08-11 15:50:12.182,,
2023-08-11 15:50:12.185,,
2023-08-11 15:50:12.258,,
2023-08-11 15:50:12.260,,
2023-08-11 15:50:12.263,,
2023-08-11 15:50:12.266,,
2023-08-11 15:50:12.348,,
2023-08-11 15:50:12.350,,
2023-08-11 15:50:12.352,,
2023-08-11 15:50:12.354,,
2023-08-11 15:50:12.425,,
2023-08-11 15:50:12.427,,
2023-08-11 15:50:12.429,,
2023-08-11 15:50:12.431,,
2023-08-11 15:50:12.504,,
2023-08-11 15:50:12.506,,
2023-08-11 15:50:12.508,,
2023-08-11 15:50:12.510,,
2023-08-11 15:50:12.583,,
2023-08-11 15:50:12.585,,
2023-08-11 15:50:12.587,,
2023-08-11 15:50:12.590,,
2023-08-11 15:50:12.592,86.0,
2023-08-11 15:50:12.670,,
2023-08-11 15:50:12.672,,
2023-08-11 15:50:12.675,,
2023-08-11 15:50:12.678,,
2023-08-11 15:50:12.757,,
2023-08-11 15:50:12.759,,
2023-08-11 15:50:12.762,,
2023-08-11 15:50:12.764,,
2023-08-11 15:50:12.842,,
2023-08-11 15:50:12.844,,
2023-08-11 15:50:12.846,,
2023-08-11 15:50:12.847,,
2023-08-11 15:50:12.922,,
2023-08-11 15:50:12.924,,
2023-08-11 15:50:12.925,,
2023-08-11 15:50:12.927,,
2023-08-11 15:50:13.002,,
2023-08-11 15:50:13.004,,
2023-08-11 15:50:13.005,,
2023-08-11 15:50:13.007,,
2023-08-11 15:50:13.079,,
2023-08-11 15:50:13.080,,
2023-08-11 15:50:13.082,,
2023-08-11 15:50:13.084,,
2023-08-11 15:50:13.156,,
2023-08-11 15:50:13.158,,
2023-08-11 15:50:13.160,,
2023-08-11 15:50:13.162,,
2023-08-11 15:50:13.240,,
2023-08-11 15:50:13.242,,
2023-08-11 15:50:13.244,,
2023-08-11 15:50:13.246,,
2023-08-11 15:50:13.324,,
2023-08-11 15:50:13.326,,
2023-08-11 15:50:13.328,,
2023-08-11 15:50:13.331,,
2023-08-11 15:50:13.405,,
2023-08-11 15:50:13.407,,
2023-08-11 15:50:13.409,,
2023-08-11 15:50:13.411,,
2023-08-11 15:50:13.482,,
2023-08-11 15:50:13.484,,
2023-08-11 15:50:13.486,,
2023-08-11 15:50:13.487,,
2023-08-11 15:50:13.561,,
2023-08-11 15:50:13.563,,
2023-08-11 15:50:13.564,,
2023-08-11 15:50:13.566,,
2023-08-11 15:50:13.583,85.0,
2023-08-11 15:50:13.654,,
2023-08-11 15:50:13.656,,
2023-08-11 15:50:13.658,,
2023-08-11 15:50:13.661,,
2023-08-11 15:50:13.747,,
2023-08-11 15:50:13.749,,
2023-08-11 15:50:13.751,,
2023-08-11 15:50:13.754,,
2023-08-11 15:50:13.825,,
2023-08-11 15:50:13.827,,
2023-08-11 15:50:13.829,,
2023-08-11 15:50:13.830,,
2023-08-11 15:50:13.903,,
2023-08-11 15:50:13.905,,
2023-08-11 15:50:13.907,,
2023-08-11 15:50:13.909,,
2023-08-11 15:50:13.982,,
2023-08-11 15:50:13.984,,
2023-08-11 15:50:13.986,,
2023-08-11 15:50:13.988,,
2023-08-11 15:50:14.059,,
2023-08-11 15:50:14.061,,
2023-08-11 15:50:14.062,,
2023-08-11 15:50:14.064,,
2023-08-11 15:50:14.138,,
2023-08-11 15:50:14.140,,
2023-08-11 15:50:14.142,,
2023-08-11 15:50:14.144,,
2023-08-11 15:50:14.222,,
2023-08-11 15:50:14.224,,
2023-08-11 15:50:14.226,,
2023-08-11 15:50:14.227,,
2023-08-11 15:50:14.302,,
2023-08-11 15:50:14.304,,
2023-08-11 15:50:14.306,,
2023-08-11 15:50:14.307,,
2023-08-11 15:50:14.384,,
2023-08-11 15:50:14.386,,
2023-08-11 15:50:14.388,,
2023-08-11 15:50:14.390,,
2023-08-11 15:50:14.464,,
2023-08-11 15:50:14.466,,
2023-08-11 15:50:14.468,,
2023-08-11 15:50:14.470,,
2023-08-11 15:50:14.541,,
2023-08-11 15:50:14.543,,
2023-08-11 15:50:14.545,,
2023-08-11 15:50:14.547,,
2023-08-11 15:50:14.573,85.0,
2023-08-11 15:50:14.623,,
2023-08-11 15:50:14.624,,
2023-08-11 15:50:14.626,,
2023-08-11 15:50:14.628,,
2023-08-11 15:50:14.707,,
2023-08-11 15:50:14.709,,
2023-08-11 15:50:14.710,,
2023-08-11 15:50:14.712,,
2023-08-11 15:50:14.791,,
2023-08-11 15:50:14.793,,
2023-08-11 15:50:14.795,,
2023-08-11 15:50:14.797,,
2023-08-11 15:50:14.871,,
2023-08-11 15:50:14.873,,
2023-08-11 15:50:14.875,,
2023-08-11 15:50:14.877,,
2023-08-11 15:50:14.955,,
2023-08-11 15:50:14.957,,
2023-08-11 15:50:14.959,,
2023-08-11 15:50:14.960,,
2023-08-11 15:50:15.035,,
2023-08-11 15:50:15.037,,
2023-08-11 15:50:15.039,,
2023-08-11 15:50:15.041,,
2023-08-11 15:50:15.116,,
2023-08-11 15:50:15.118,,
2023-08-11 15:50:15.120,,
2023-08-11 15:50:15.123,,
2023-08-11 15:50:15.206,,
2023-08-11 15:50:15.208,,
2023-08-11 15:50:15.210,,
2023-08-11 15:50:15.212,,
2023-08-11 15:50:15.291,,
2023-08-11 15:50:15.293,,
2023-08-11 15:50:15.295,,
2023-08-11 15:50:15.298,,
2023-08-11 15:50:15.372,,
2023-08-11 15:50:15.374,,
2023-08-11 15:50:15.376,,
2023-08-11 15:50:15.377,,
2023-08-11 15:50:15.452,,
2023-08-11 15:50:15.454,,
2023-08-11 15:50:15.456,,
2023-08-11 15:50:15.458,,
2023-08-11 15:50:15.530,,
2023-08-11 15:50:15.532,,
2023-08-11 15:50:15.534,,
2023-08-11 15:50:15.537,,
2023-08-11 15:50:15.563,85.0,
2023-08-11 15:50:15.616,,
2023-08-11 15:50:15.617,,
2023-08-11 15:50:15.619,,
2023-08-11 15:50:15.621,,
2023-08-11 15:50:15.709,,
2023-08-11 15:50:15.711,,
2023-08-11 15:50:15.713,,
2023-08-11 15:50:15.715,,
2023-08-11 15:50:15.789,,
2023-08-11 15:50:15.791,,
2023-08-11 15:50:15.793,,
2023-08-11 15:50:15.795,,
2023-08-11 15:50:15.878,,
2023-08-11 15:50:15.880,,
2023-08-11 15:50:15.882,,
2023-08-11 15:50:15.885,,
2023-08-11 15:50:15.962,,
2023-08-11 15:50:15.964,,
2023-08-11 15:50:15.967,,
2023-08-11 15:50:15.970,,
2023-08-11 15:50:16.052,,
2023-08-11 15:50:16.054,,
2023-08-11 15:50:16.056,,
2023-08-11 15:50:16.058,,
2023-08-11 15:50:16.143,,
2023-08-11 15:50:16.145,,
2023-08-11 15:50:16.148,,
2023-08-11 15:50:16.151,,
2023-08-11 15:50:16.233,,
2023-08-11 15:50:16.235,,
2023-08-11 15:50:16.237,,
2023-08-11 15:50:16.238,,
2023-08-11 15:50:16.312,,
2023-08-11 15:50:16.314,,
2023-08-11 15:50:16.316,,
2023-08-11 15:50:16.318,,
2023-08-11 15:50:16.398,,
2023-08-11 15:50:16.400,,
2023-08-11 15:50:16.403,,
2023-08-11 15:50:16.405,,
2023-08-11 15:50:16.481,,
2023-08-11 15:50:16.483,,
2023-08-11 15:50:16.485,,
2023-08-11 15:50:16.486,,
2023-08-11 15:50:16.552,85.0,
2023-08-11 15:50:16.560,,
2023-08-11 15:50:16.561,,
2023-08-11 15:50:16.563,,
2023-08-11 15:50:16.565,,
2023-08-11 15:50:16.644,,
2023-08-11 15:50:16.646,,
2023-08-11 15:50:16.649,,
2023-08-11 15:50:16.651,,
2023-08-11 15:50:16.730,,
2023-08-11 15:50:16.732,,
2023-08-11 15:50:16.734,,
2023-08-11 15:50:16.735,,
2023-08-11 15:50:16.810,,
2023-08-11 15:50:16.812,,
2023-08-11 15:50:16.814,,
2023-08-11 15:50:16.816,,
2023-08-11 15:50:16.900,,
2023-08-11 15:50:16.902,,
2023-08-11 15:50:16.903,,
2023-08-11 15:50:16.905,,
2023-08-11 15:50:16.976,,
2023-08-11 15:50:16.978,,
2023-08-11 15:50:16.980,,
2023-08-11 15:50:16.981,,
2023-08-11 15:50:17.054,,
2023-08-11 15:50:17.056,,
2023-08-11 15:50:17.057,,
2023-08-11 15:50:17.059,,
2023-08-11 15:50:17.143,,
2023-08-11 15:50:17.145,,
2023-08-11 15:50:17.148,,
2023-08-11 15:50:17.150,,
2023-08-11 15:50:17.230,,
2023-08-11 15:50:17.232,,
2023-08-11 15:50:17.234,,
2023-08-11 15:50:17.237,,
2023-08-11 15:50:17.309,,
2023-08-11 15:50:17.311,,
2023-08-11 15:50:17.312,,
2023-08-11 15:50:17.314,,
2023-08-11 15:50:17.391,,
2023-08-11 15:50:17.393,,
2023-08-11 15:50:17.394,,
2023-08-11 15:50:17.396,,
2023-08-11 15:50:17.477,,
2023-08-11 15:50:17.478,,
2023-08-11 15:50:17.480,,
2023-08-11 15:50:17.482,,
2023-08-11 15:50:17.542,85.0,
2023-08-11 15:50:17.558,,
2023-08-11 15:50:17.560,,
2023-08-11 15:50:17.562,,
2023-08-11 15:50:17.564,,
2023-08-11 15:50:17.640,,
2023-08-11 15:50:17.641,,
2023-08-11 15:50:17.643,,
2023-08-11 15:50:17.646,,
2023-08-11 15:50:17.724,,
2023-08-11 15:50:17.726,,
2023-08-11 15:50:17.728,,
2023-08-11 15:50:17.730,,
2023-08-11 15:50:17.808,,
2023-08-11 15:50:17.810,,
2023-08-11 15:50:17.812,,
2023-08-11 15:50:17.814,,
2023-08-11 15:50:17.895,,
2023-08-11 15:50:17.896,,
2023-08-11 15:50:17.898,,
2023-08-11 15:50:17.900,,
2023-08-11 15:50:17.981,,
2023-08-11 15:50:17.983,,
2023-08-11 15:50:17.985,,
2023-08-11 15:50:17.988,,
2023-08-11 15:50:18.062,,
2023-08-11 15:50:18.064,,
2023-08-11 15:50:18.066,,
2023-08-11 15:50:18.067,,
2023-08-11 15:50:18.142,,
2023-08-11 15:50:18.145,,
2023-08-11 15:50:18.147,,
2023-08-11 15:50:18.149,,
2023-08-11 15:50:18.226,,
2023-08-11 15:50:18.229,,
2023-08-11 15:50:18.231,,
2023-08-11 15:50:18.233,,
2023-08-11 15:50:18.306,,
2023-08-11 15:50:18.308,,
2023-08-11 15:50:18.309,,
2023-08-11 15:50:18.311,,
2023-08-11 15:50:18.383,,
2023-08-11 15:50:18.385,,
2023-08-11 15:50:18.387,,
2023-08-11 15:50:18.389,,
2023-08-11 15:50:18.393,,
2023-08-11 15:50:18.469,,
2023-08-11 15:50:18.471,,
2023-08-11 15:50:18.474,,
2023-08-11 15:50:18.476,,
2023-08-11 15:50:18.533,85.0,
2023-08-11 15:50:18.554,,
2023-08-11 15:50:18.555,,
2023-08-11 15:50:18.558,,
2023-08-11 15:50:18.559,,
2023-08-11 15:50:18.638,,
2023-08-11 15:50:18.640,,
2023-08-11 15:50:18.643,,
2023-08-11 15:50:18.645,,
2023-08-11 15:50:18.730,,
2023-08-11 15:50:18.732,,
2023-08-11 15:50:18.734,,
2023-08-11 15:50:18.735,,
2023-08-11 15:50:18.811,,
2023-08-11 15:50:18.813,,
2023-08-11 15:50:18.815,,
2023-08-11 15:50:18.817,,
2023-08-11 15:50:18.889,,
2023-08-11 15:50:18.891,,
2023-08-11 15:50:18.894,,
2023-08-11 15:50:18.896,,
2023-08-11 15:50:18.969,,
2023-08-11 15:50:18.971,,
2023-08-11 15:50:18.973,,
2023-08-11 15:50:18.974,,
2023-08-11 15:50:19.048,,
2023-08-11 15:50:19.051,,
2023-08-11 15:50:19.053,,
2023-08-11 15:50:19.055,,
2023-08-11 15:50:19.134,,
2023-08-11 15:50:19.137,,
2023-08-11 15:50:19.139,,
2023-08-11 15:50:19.141,,
2023-08-11 15:50:19.217,,
2023-08-11 15:50:19.219,,
2023-08-11 15:50:19.221,,
2023-08-11 15:50:19.223,,
2023-08-11 15:50:19.298,,
2023-08-11 15:50:19.300,,
2023-08-11 15:50:19.302,,
2023-08-11 15:50:19.304,,
2023-08-11 15:50:19.380,,
2023-08-11 15:50:19.382,,
2023-08-11 15:50:19.384,,
2023-08-11 15:50:19.385,,
2023-08-11 15:50:19.466,,"As you lift your arms to the highest point, please close your elbows joint to make the forearms as close as possible to the upper arms."
2023-08-11 15:50:19.468,,
2023-08-11 15:50:19.470,,
2023-08-11 15:50:19.471,,
2023-08-11 15:50:19.473,,
2023-08-11 15:50:19.522,85.0,
2023-08-11 15:50:19.550,,
2023-08-11 15:50:19.552,,
2023-08-11 15:50:19.554,,
2023-08-11 15:50:19.557,,
2023-08-11 15:50:19.644,,
2023-08-11 15:50:19.646,,
2023-08-11 15:50:19.648,,
2023-08-11 15:50:19.651,,
2023-08-11 15:50:19.731,,
2023-08-11 15:50:19.733,,
2023-08-11 15:50:19.735,,
2023-08-11 15:50:19.737,,
2023-08-11 15:50:19.813,,
2023-08-11 15:50:19.815,,
2023-08-11 15:50:19.817,,
2023-08-11 15:50:19.819,,
2023-08-11 15:50:19.893,,
2023-08-11 15:50:19.895,,
2023-08-11 15:50:19.897,,
2023-08-11 15:50:19.899,,
2023-08-11 15:50:19.973,,
2023-08-11 15:50:19.975,,
2023-08-11 15:50:19.977,,
2023-08-11 15:50:19.978,,
2023-08-11 15:50:20.051,,
2023-08-11 15:50:20.053,,
2023-08-11 15:50:20.055,,
2023-08-11 15:50:20.057,,
2023-08-11 15:50:20.128,,
2023-08-11 15:50:20.130,,
2023-08-11 15:50:20.132,,
2023-08-11 15:50:20.134,,
2023-08-11 15:50:20.218,,
2023-08-11 15:50:20.221,,
2023-08-11 15:50:20.223,,
2023-08-11 15:50:20.225,,
2023-08-11 15:50:20.302,,
2023-08-11 15:50:20.303,,
2023-08-11 15:50:20.305,,
2023-08-11 15:50:20.307,,
2023-08-11 15:50:20.389,,
2023-08-11 15:50:20.391,,
2023-08-11 15:50:20.392,,
2023-08-11 15:50:20.394,,
2023-08-11 15:50:20.474,,
2023-08-11 15:50:20.477,,
2023-08-11 15:50:20.479,,
2023-08-11 15:50:20.481,,
2023-08-11 15:50:20.512,85.0,
2023-08-11 15:50:20.565,,
2023-08-11 15:50:20.567,,
2023-08-11 15:50:20.569,,
2023-08-11 15:50:20.571,,
2023-08-11 15:50:20.575,,
2023-08-11 15:50:20.649,,
2023-08-11 15:50:20.651,,
2023-08-11 15:50:20.653,,
2023-08-11 15:50:20.655,,
2023-08-11 15:50:20.732,,
2023-08-11 15:50:20.734,,
2023-08-11 15:50:20.736,,
2023-08-11 15:50:20.738,,
2023-08-11 15:50:20.741,,
2023-08-11 15:50:20.821,,
2023-08-11 15:50:20.823,,
2023-08-11 15:50:20.825,,
2023-08-11 15:50:20.826,,
2023-08-11 15:50:20.901,,
2023-08-11 15:50:20.903,,
2023-08-11 15:50:20.906,,
2023-08-11 15:50:20.908,,
2023-08-11 15:50:20.984,,
2023-08-11 15:50:20.986,,
2023-08-11 15:50:20.988,,
2023-08-11 15:50:20.991,,
2023-08-11 15:50:21.068,,
2023-08-11 15:50:21.070,,
2023-08-11 15:50:21.072,,
2023-08-11 15:50:21.075,,
2023-08-11 15:50:21.156,,
2023-08-11 15:50:21.158,,
2023-08-11 15:50:21.160,,
2023-08-11 15:50:21.162,,
2023-08-11 15:50:21.236,,
2023-08-11 15:50:21.238,,
2023-08-11 15:50:21.240,,
2023-08-11 15:50:21.242,,
2023-08-11 15:50:21.245,,
2023-08-11 15:50:21.320,,
2023-08-11 15:50:21.322,,
2023-08-11 15:50:21.324,,
2023-08-11 15:50:21.326,,
2023-08-11 15:50:21.409,,
2023-08-11 15:50:21.411,,
2023-08-11 15:50:21.413,,
2023-08-11 15:50:21.415,,
2023-08-11 15:50:21.488,,
2023-08-11 15:50:21.489,,
2023-08-11 15:50:21.491,,
2023-08-11 15:50:21.493,,
2023-08-11 15:50:21.503,86.0,
2023-08-11 15:50:21.569,,
2023-08-11 15:50:21.571,,
2023-08-11 15:50:21.573,,
2023-08-11 15:50:21.575,,
2023-08-11 15:50:21.657,,
2023-08-11 15:50:21.659,,
2023-08-11 15:50:21.661,,
2023-08-11 15:50:21.663,,
2023-08-11 15:50:21.737,,
2023-08-11 15:50:21.739,,
2023-08-11 15:50:21.741,,
2023-08-11 15:50:21.742,,
2023-08-11 15:50:21.823,,
2023-08-11 15:50:21.825,,
2023-08-11 15:50:21.826,,
2023-08-11 15:50:21.828,,
2023-08-11 15:50:21.908,,
2023-08-11 15:50:21.910,,
2023-08-11 15:50:21.912,,
2023-08-11 15:50:21.913,,
2023-08-11 15:50:21.985,,
2023-08-11 15:50:21.987,,
2023-08-11 15:50:21.989,,
2023-08-11 15:50:21.990,,
2023-08-11 15:50:22.067,,
2023-08-11 15:50:22.069,,
2023-08-11 15:50:22.070,,
2023-08-11 15:50:22.072,,
2023-08-11 15:50:22.145,,
2023-08-11 15:50:22.147,,
2023-08-11 15:50:22.149,,
2023-08-11 15:50:22.151,,
2023-08-11 15:50:22.235,,
2023-08-11 15:50:22.238,,
2023-08-11 15:50:22.240,,
2023-08-11 15:50:22.243,,
2023-08-11 15:50:22.323,,
2023-08-11 15:50:22.325,,
2023-08-11 15:50:22.327,,
2023-08-11 15:50:22.329,,
2023-08-11 15:50:22.407,,
2023-08-11 15:50:22.409,,
2023-08-11 15:50:22.411,,
2023-08-11 15:50:22.413,,
2023-08-11 15:50:22.489,,
2023-08-11 15:50:22.492,,
2023-08-11 15:50:22.493,86.0,
2023-08-11 15:50:22.493,,
2023-08-11 15:50:22.495,,
2023-08-11 15:50:22.579,,
2023-08-11 15:50:22.581,,
2023-08-11 15:50:22.582,,
2023-08-11 15:50:22.584,,
2023-08-11 15:50:22.660,,
2023-08-11 15:50:22.662,,
2023-08-11 15:50:22.664,,
2023-08-11 15:50:22.667,,
2023-08-11 15:50:22.742,,
2023-08-11 15:50:22.744,,
2023-08-11 15:50:22.745,,
2023-08-11 15:50:22.747,,
2023-08-11 15:50:22.831,,
2023-08-11 15:50:22.833,,
2023-08-11 15:50:22.835,,
2023-08-11 15:50:22.837,,
2023-08-11 15:50:22.911,,
2023-08-11 15:50:22.913,,
2023-08-11 15:50:22.915,,
2023-08-11 15:50:22.917,,
2023-08-11 15:50:22.991,,
2023-08-11 15:50:22.993,,
2023-08-11 15:50:22.995,,
2023-08-11 15:50:22.996,,
2023-08-11 15:50:23.071,,
2023-08-11 15:50:23.073,,
2023-08-11 15:50:23.075,,
2023-08-11 15:50:23.077,,
2023-08-11 15:50:23.155,,
2023-08-11 15:50:23.157,,
2023-08-11 15:50:23.160,,
2023-08-11 15:50:23.162,,
2023-08-11 15:50:23.238,,
2023-08-11 15:50:23.241,,
2023-08-11 15:50:23.243,,
2023-08-11 15:50:23.245,,
2023-08-11 15:50:23.319,,
2023-08-11 15:50:23.321,,
2023-08-11 15:50:23.323,,
2023-08-11 15:50:23.324,,
2023-08-11 15:50:23.403,,
2023-08-11 15:50:23.405,,
2023-08-11 15:50:23.407,,
2023-08-11 15:50:23.410,,
2023-08-11 15:50:23.482,86.0,
2023-08-11 15:50:23.488,,
2023-08-11 15:50:23.491,,
2023-08-11 15:50:23.492,,
2023-08-11 15:50:23.495,,
2023-08-11 15:50:23.571,,
2023-08-11 15:50:23.574,,
2023-08-11 15:50:23.576,,
2023-08-11 15:50:23.579,,
2023-08-11 15:50:23.661,,
2023-08-11 15:50:23.662,,
2023-08-11 15:50:23.664,,
2023-08-11 15:50:23.667,,
2023-08-11 15:50:23.742,,
2023-08-11 15:50:23.743,,
2023-08-11 15:50:23.745,,
2023-08-11 15:50:23.747,,
2023-08-11 15:50:23.825,,
2023-08-11 15:50:23.827,,
2023-08-11 15:50:23.829,,
2023-08-11 15:50:23.831,,
2023-08-11 15:50:23.903,,
2023-08-11 15:50:23.905,,
2023-08-11 15:50:23.907,,
2023-08-11 15:50:23.909,,
2023-08-11 15:50:23.982,,
2023-08-11 15:50:23.984,,
2023-08-11 15:50:23.986,,
2023-08-11 15:50:23.987,,
2023-08-11 15:50:24.061,,
2023-08-11 15:50:24.063,,
2023-08-11 15:50:24.065,,
2023-08-11 15:50:24.067,,
2023-08-11 15:50:24.145,,
2023-08-11 15:50:24.147,,
2023-08-11 15:50:24.149,,
2023-08-11 15:50:24.151,,
2023-08-11 15:50:24.232,,
2023-08-11 15:50:24.234,,
2023-08-11 15:50:24.236,,
2023-08-11 15:50:24.238,,
2023-08-11 15:50:24.315,,
2023-08-11 15:50:24.317,,
2023-08-11 15:50:24.319,,
2023-08-11 15:50:24.321,,
2023-08-11 15:50:24.400,,
2023-08-11 15:50:24.402,,
2023-08-11 15:50:24.404,,
2023-08-11 15:50:24.407,,
2023-08-11 15:50:24.472,87.0,
2023-08-11 15:50:24.494,,
2023-08-11 15:50:24.496,,
2023-08-11 15:50:24.498,,
2023-08-11 15:50:24.500,,
2023-08-11 15:50:24.572,,
2023-08-11 15:50:24.574,,
2023-08-11 15:50:24.576,,
2023-08-11 15:50:24.578,,
2023-08-11 15:50:24.657,,
2023-08-11 15:50:24.659,,
2023-08-11 15:50:24.661,,
2023-08-11 15:50:24.663,,
2023-08-11 15:50:24.738,,
2023-08-11 15:50:24.740,,
2023-08-11 15:50:24.741,,
2023-08-11 15:50:24.743,,
2023-08-11 15:50:24.819,,
2023-08-11 15:50:24.821,,
2023-08-11 15:50:24.823,,
2023-08-11 15:50:24.824,,
2023-08-11 15:50:24.898,,
2023-08-11 15:50:24.900,,
2023-08-11 15:50:24.902,,
2023-08-11 15:50:24.903,,
2023-08-11 15:50:24.976,,
2023-08-11 15:50:24.978,,
2023-08-11 15:50:24.980,,
2023-08-11 15:50:24.982,,
2023-08-11 15:50:25.058,,
2023-08-11 15:50:25.060,,
2023-08-11 15:50:25.062,,
2023-08-11 15:50:25.064,,
2023-08-11 15:50:25.138,,
2023-08-11 15:50:25.140,,
2023-08-11 15:50:25.142,,
2023-08-11 15:50:25.144,,
2023-08-11 15:50:25.218,,
2023-08-11 15:50:25.220,,
2023-08-11 15:50:25.223,,
2023-08-11 15:50:25.226,,
2023-08-11 15:50:25.304,,
2023-08-11 15:50:25.306,,
2023-08-11 15:50:25.308,,
2023-08-11 15:50:25.310,,
2023-08-11 15:50:25.383,,
2023-08-11 15:50:25.385,,
2023-08-11 15:50:25.387,,
2023-08-11 15:50:25.389,,
2023-08-11 15:50:25.462,,
2023-08-11 15:50:25.463,88.0,
2023-08-11 15:50:25.465,,
2023-08-11 15:50:25.468,,
2023-08-11 15:50:25.470,,
2023-08-11 15:50:25.545,,
2023-08-11 15:50:25.547,,
2023-08-11 15:50:25.549,,
2023-08-11 15:50:25.551,,
2023-08-11 15:50:25.624,,
2023-08-11 15:50:25.626,,
2023-08-11 15:50:25.627,,
2023-08-11 15:50:25.629,,
2023-08-11 15:50:25.711,,
2023-08-11 15:50:25.713,,
2023-08-11 15:50:25.715,,
2023-08-11 15:50:25.717,,
2023-08-11 15:50:25.793,,
2023-08-11 15:50:25.795,,
2023-08-11 15:50:25.796,,
2023-08-11 15:50:25.798,,
2023-08-11 15:50:25.881,,
2023-08-11 15:50:25.883,,
2023-08-11 15:50:25.885,,
2023-08-11 15:50:25.886,,
2023-08-11 15:50:25.970,,
2023-08-11 15:50:25.971,,
2023-08-11 15:50:25.973,,
2023-08-11 15:50:25.975,,
2023-08-11 15:50:26.048,,
2023-08-11 15:50:26.050,,
2023-08-11 15:50:26.051,,
2023-08-11 15:50:26.053,,
2023-08-11 15:50:26.126,,
2023-08-11 15:50:26.128,,
2023-08-11 15:50:26.130,,
2023-08-11 15:50:26.132,,
2023-08-11 15:50:26.207,,
2023-08-11 15:50:26.209,,
2023-08-11 15:50:26.211,,
2023-08-11 15:50:26.212,,
2023-08-11 15:50:26.287,,
2023-08-11 15:50:26.289,,
2023-08-11 15:50:26.291,,
2023-08-11 15:50:26.293,,
2023-08-11 15:50:26.367,,
2023-08-11 15:50:26.368,,
2023-08-11 15:50:26.370,,
2023-08-11 15:50:26.372,,
2023-08-11 15:50:26.445,,
2023-08-11 15:50:26.447,,
2023-08-11 15:50:26.449,,
2023-08-11 15:50:26.451,,
2023-08-11 15:50:26.452,88.0,
2023-08-11 15:50:26.534,,
2023-08-11 15:50:26.536,,
2023-08-11 15:50:26.538,,
2023-08-11 15:50:26.539,,
2023-08-11 15:50:26.613,,
2023-08-11 15:50:26.615,,
2023-08-11 15:50:26.616,,
2023-08-11 15:50:26.618,,
2023-08-11 15:50:26.693,,
2023-08-11 15:50:26.695,,
2023-08-11 15:50:26.697,,
2023-08-11 15:50:26.699,,
2023-08-11 15:50:26.772,,
2023-08-11 15:50:26.774,,
2023-08-11 15:50:26.775,,
2023-08-11 15:50:26.777,,
2023-08-11 15:50:26.849,,
2023-08-11 15:50:26.851,,
2023-08-11 15:50:26.853,,
2023-08-11 15:50:26.855,,
2023-08-11 15:50:26.928,,
2023-08-11 15:50:26.930,,
2023-08-11 15:50:26.931,,
2023-08-11 15:50:26.933,,
2023-08-11 15:50:27.015,,
2023-08-11 15:50:27.017,,
2023-08-11 15:50:27.018,,
2023-08-11 15:50:27.020,,
2023-08-11 15:50:27.092,,
2023-08-11 15:50:27.094,,
2023-08-11 15:50:27.096,,
2023-08-11 15:50:27.098,,
2023-08-11 15:50:27.174,,
2023-08-11 15:50:27.176,,
2023-08-11 15:50:27.178,,
2023-08-11 15:50:27.180,,
2023-08-11 15:50:27.257,,
2023-08-11 15:50:27.260,,
2023-08-11 15:50:27.261,,
2023-08-11 15:50:27.263,,
2023-08-11 15:50:27.334,,
2023-08-11 15:50:27.336,,
2023-08-11 15:50:27.338,,
2023-08-11 15:50:27.340,,
2023-08-11 15:50:27.412,,
2023-08-11 15:50:27.414,,
2023-08-11 15:50:27.416,,
2023-08-11 15:50:27.418,,
2023-08-11 15:50:27.442,89.0,
2023-08-11 15:50:27.494,,
2023-08-11 15:50:27.496,,
2023-08-11 15:50:27.498,,
2023-08-11 15:50:27.500,,
2023-08-11 15:50:27.576,,
2023-08-11 15:50:27.578,,
2023-08-11 15:50:27.580,,
2023-08-11 15:50:27.582,,
2023-08-11 15:50:27.665,,
2023-08-11 15:50:27.667,,
2023-08-11 15:50:27.669,,
2023-08-11 15:50:27.671,,
2023-08-11 15:50:27.745,,
2023-08-11 15:50:27.747,,
2023-08-11 15:50:27.749,,
2023-08-11 15:50:27.751,,
2023-08-11 15:50:27.825,,
2023-08-11 15:50:27.827,,
2023-08-11 15:50:27.829,,
2023-08-11 15:50:27.831,,
2023-08-11 15:50:27.905,,
2023-08-11 15:50:27.907,,
2023-08-11 15:50:27.909,,
2023-08-11 15:50:27.911,,
2023-08-11 15:50:27.984,,
2023-08-11 15:50:27.986,,
2023-08-11 15:50:27.988,,
2023-08-11 15:50:27.990,,
2023-08-11 15:50:28.066,,
2023-08-11 15:50:28.068,,
2023-08-11 15:50:28.069,,
2023-08-11 15:50:28.071,,
2023-08-11 15:50:28.148,,
2023-08-11 15:50:28.150,,
2023-08-11 15:50:28.152,,
2023-08-11 15:50:28.154,,
2023-08-11 15:50:28.230,,
2023-08-11 15:50:28.232,,
2023-08-11 15:50:28.234,,
2023-08-11 15:50:28.235,,
2023-08-11 15:50:28.320,,
2023-08-11 15:50:28.322,,
2023-08-11 15:50:28.324,,
2023-08-11 15:50:28.326,,
2023-08-11 15:50:28.402,,
2023-08-11 15:50:28.404,,
2023-08-11 15:50:28.406,,
2023-08-11 15:50:28.407,,
2023-08-11 15:50:28.432,90.0,
2023-08-11 15:50:28.484,,
2023-08-11 15:50:28.486,,
2023-08-11 15:50:28.488,,
2023-08-11 15:50:28.489,,
2023-08-11 15:50:28.563,,
2023-08-11 15:50:28.566,,
2023-08-11 15:50:28.568,,
2023-08-11 15:50:28.571,,
2023-08-11 15:50:28.651,,
2023-08-11 15:50:28.654,,
2023-08-11 15:50:28.656,,
2023-08-11 15:50:28.659,,
2023-08-11 15:50:28.738,,
2023-08-11 15:50:28.740,,
2023-08-11 15:50:28.742,,
2023-08-11 15:50:28.744,,
2023-08-11 15:50:28.819,,
2023-08-11 15:50:28.821,,
2023-08-11 15:50:28.823,,
2023-08-11 15:50:28.825,,
2023-08-11 15:50:28.900,,
2023-08-11 15:50:28.902,,
2023-08-11 15:50:28.904,,
2023-08-11 15:50:28.906,,
2023-08-11 15:50:28.980,,
2023-08-11 15:50:28.982,,
2023-08-11 15:50:28.984,,
2023-08-11 15:50:28.986,,
2023-08-11 15:50:29.059,,
2023-08-11 15:50:29.061,,
2023-08-11 15:50:29.063,,
2023-08-11 15:50:29.065,,
2023-08-11 15:50:29.139,,
2023-08-11 15:50:29.141,,
2023-08-11 15:50:29.143,,
2023-08-11 15:50:29.145,,
2023-08-11 15:50:29.221,,
2023-08-11 15:50:29.223,,
2023-08-11 15:50:29.225,,
2023-08-11 15:50:29.226,,
2023-08-11 15:50:29.308,,
2023-08-11 15:50:29.310,,
2023-08-11 15:50:29.312,,
2023-08-11 15:50:29.313,,
2023-08-11 15:50:29.386,,
2023-08-11 15:50:29.389,,
2023-08-11 15:50:29.390,,
2023-08-11 15:50:29.392,,
2023-08-11 15:50:29.423,89.0,
2023-08-11 15:50:29.472,,
2023-08-11 15:50:29.474,,
2023-08-11 15:50:29.476,,
2023-08-11 15:50:29.478,,
2023-08-11 15:50:29.555,,
2023-08-11 15:50:29.557,,
2023-08-11 15:50:29.559,,
2023-08-11 15:50:29.561,,
2023-08-11 15:50:29.633,,
2023-08-11 15:50:29.636,,
2023-08-11 15:50:29.638,,
2023-08-11 15:50:29.641,,
2023-08-11 15:50:29.726,,
2023-08-11 15:50:29.728,,
2023-08-11 15:50:29.731,,
2023-08-11 15:50:29.733,,
2023-08-11 15:50:29.810,,
2023-08-11 15:50:29.811,,
2023-08-11 15:50:29.813,,
2023-08-11 15:50:29.815,,
2023-08-11 15:50:29.890,,
2023-08-11 15:50:29.892,,
2023-08-11 15:50:29.894,,
2023-08-11 15:50:29.896,,
2023-08-11 15:50:29.973,,
2023-08-11 15:50:29.975,,
2023-08-11 15:50:29.977,,
2023-08-11 15:50:29.979,,
2023-08-11 15:50:30.056,,
2023-08-11 15:50:30.058,,
2023-08-11 15:50:30.059,,
2023-08-11 15:50:30.061,,
2023-08-11 15:50:30.137,,
2023-08-11 15:50:30.139,,
2023-08-11 15:50:30.141,,
2023-08-11 15:50:30.143,,
2023-08-11 15:50:30.224,,
2023-08-11 15:50:30.226,,
2023-08-11 15:50:30.228,,
2023-08-11 15:50:30.230,,
2023-08-11 15:50:30.233,,
2023-08-11 15:50:30.310,,
2023-08-11 15:50:30.312,,
2023-08-11 15:50:30.314,,
2023-08-11 15:50:30.316,,
2023-08-11 15:50:30.401,,
2023-08-11 15:50:30.403,,
2023-08-11 15:50:30.405,,
2023-08-11 15:50:30.407,,
2023-08-11 15:50:30.412,89.0,
2023-08-11 15:50:30.482,,
2023-08-11 15:50:30.484,,
2023-08-11 15:50:30.487,,
2023-08-11 15:50:30.489,,
2023-08-11 15:50:30.565,,
2023-08-11 15:50:30.568,,
2023-08-11 15:50:30.570,,
2023-08-11 15:50:30.572,,
2023-08-11 15:50:30.650,,
2023-08-11 15:50:30.653,,
2023-08-11 15:50:30.656,,
2023-08-11 15:50:30.658,,
2023-08-11 15:50:30.662,,
2023-08-11 15:50:30.740,,
2023-08-11 15:50:30.742,,
2023-08-11 15:50:30.744,,
2023-08-11 15:50:30.746,,
2023-08-11 15:50:30.824,,
2023-08-11 15:50:30.827,,
2023-08-11 15:50:30.829,,
2023-08-11 15:50:30.831,,
2023-08-11 15:50:30.905,,
2023-08-11 15:50:30.907,,
2023-08-11 15:50:30.909,,
2023-08-11 15:50:30.911,,
2023-08-11 15:50:30.985,,
2023-08-11 15:50:30.986,,
2023-08-11 15:50:30.989,,
2023-08-11 15:50:30.991,,
2023-08-11 15:50:31.066,,
2023-08-11 15:50:31.068,,
2023-08-11 15:50:31.071,,
2023-08-11 15:50:31.073,,
2023-08-11 15:50:31.150,,
2023-08-11 15:50:31.152,,
2023-08-11 15:50:31.154,,
2023-08-11 15:50:31.156,,
2023-08-11 15:50:31.235,,
2023-08-11 15:50:31.237,,
2023-08-11 15:50:31.238,,
2023-08-11 15:50:31.240,,
2023-08-11 15:50:31.321,,
2023-08-11 15:50:31.323,,
2023-08-11 15:50:31.325,,
2023-08-11 15:50:31.327,,
2023-08-11 15:50:31.402,89.0,
2023-08-11 15:50:31.411,,
2023-08-11 15:50:31.413,,
2023-08-11 15:50:31.414,,
2023-08-11 15:50:31.416,,
2023-08-11 15:50:31.493,,
2023-08-11 15:50:31.495,,
2023-08-11 15:50:31.497,,
2023-08-11 15:50:31.500,,
2023-08-11 15:50:31.574,,
2023-08-11 15:50:31.576,,
2023-08-11 15:50:31.577,,
2023-08-11 15:50:31.579,,
2023-08-11 15:50:31.655,,
2023-08-11 15:50:31.657,,
2023-08-11 15:50:31.659,,
2023-08-11 15:50:31.661,,
2023-08-11 15:50:31.739,,
2023-08-11 15:50:31.741,,
2023-08-11 15:50:31.743,,
2023-08-11 15:50:31.745,,
2023-08-11 15:50:31.821,,
2023-08-11 15:50:31.823,,
2023-08-11 15:50:31.825,,
2023-08-11 15:50:31.827,,
2023-08-11 15:50:31.903,,
2023-08-11 15:50:31.905,,
2023-08-11 15:50:31.907,,
2023-08-11 15:50:31.909,,
2023-08-11 15:50:31.984,,
2023-08-11 15:50:31.986,,
2023-08-11 15:50:31.988,,
2023-08-11 15:50:31.989,,
2023-08-11 15:50:32.072,,
2023-08-11 15:50:32.074,,
2023-08-11 15:50:32.076,,
2023-08-11 15:50:32.078,,
2023-08-11 15:50:32.159,,
2023-08-11 15:50:32.162,,
2023-08-11 15:50:32.164,,
2023-08-11 15:50:32.167,,
2023-08-11 15:50:32.246,,
2023-08-11 15:50:32.248,,
2023-08-11 15:50:32.250,,
2023-08-11 15:50:32.252,,
2023-08-11 15:50:32.327,,
2023-08-11 15:50:32.329,,
2023-08-11 15:50:32.332,,
2023-08-11 15:50:32.334,,
2023-08-11 15:50:32.393,88.0,
2023-08-11 15:50:32.421,,
2023-08-11 15:50:32.423,,
2023-08-11 15:50:32.425,,
2023-08-11 15:50:32.426,,
2023-08-11 15:50:32.501,,
2023-08-11 15:50:32.502,,
2023-08-11 15:50:32.505,,
2023-08-11 15:50:32.506,,
2023-08-11 15:50:32.589,,
2023-08-11 15:50:32.591,,
2023-08-11 15:50:32.593,,
2023-08-11 15:50:32.594,,
2023-08-11 15:50:32.674,,
2023-08-11 15:50:32.676,,
2023-08-11 15:50:32.678,,
2023-08-11 15:50:32.680,,
2023-08-11 15:50:32.757,,
2023-08-11 15:50:32.759,,
2023-08-11 15:50:32.761,,
2023-08-11 15:50:32.762,,
2023-08-11 15:50:32.838,,
2023-08-11 15:50:32.840,,
2023-08-11 15:50:32.842,,
2023-08-11 15:50:32.843,,
2023-08-11 15:50:32.918,,
2023-08-11 15:50:32.920,,
2023-08-11 15:50:32.922,,
2023-08-11 15:50:32.925,,
2023-08-11 15:50:33.002,,
2023-08-11 15:50:33.004,,
2023-08-11 15:50:33.007,,
2023-08-11 15:50:33.009,,
2023-08-11 15:50:33.089,,
2023-08-11 15:50:33.091,,
2023-08-11 15:50:33.093,,
2023-08-11 15:50:33.095,,
2023-08-11 15:50:33.171,,
2023-08-11 15:50:33.173,,
2023-08-11 15:50:33.175,,
2023-08-11 15:50:33.177,,
2023-08-11 15:50:33.251,,
2023-08-11 15:50:33.253,,
2023-08-11 15:50:33.256,,
2023-08-11 15:50:33.257,,
2023-08-11 15:50:33.334,,
2023-08-11 15:50:33.336,,
2023-08-11 15:50:33.338,,
2023-08-11 15:50:33.340,,
2023-08-11 15:50:33.343,,
2023-08-11 15:50:33.382,88.0,
2023-08-11 15:50:33.421,,
2023-08-11 15:50:33.423,,
2023-08-11 15:50:33.425,,
2023-08-11 15:50:33.426,,
2023-08-11 15:50:33.506,,
2023-08-11 15:50:33.508,,
2023-08-11 15:50:33.510,,
2023-08-11 15:50:33.512,,
2023-08-11 15:50:33.591,,
2023-08-11 15:50:33.593,,
2023-08-11 15:50:33.596,,
2023-08-11 15:50:33.598,,
2023-08-11 15:50:33.680,,
2023-08-11 15:50:33.682,,
2023-08-11 15:50:33.684,,
2023-08-11 15:50:33.685,,
2023-08-11 15:50:33.760,,
2023-08-11 15:50:33.762,,
2023-08-11 15:50:33.764,,
2023-08-11 15:50:33.766,,
2023-08-11 15:50:33.841,,
2023-08-11 15:50:33.843,,
2023-08-11 15:50:33.845,,
2023-08-11 15:50:33.847,,
2023-08-11 15:50:33.920,,
2023-08-11 15:50:33.922,,
2023-08-11 15:50:33.924,,
2023-08-11 15:50:33.926,,
2023-08-11 15:50:33.930,,
2023-08-11 15:50:34.004,,
2023-08-11 15:50:34.006,,
2023-08-11 15:50:34.008,,
2023-08-11 15:50:34.009,,
2023-08-11 15:50:34.093,,
2023-08-11 15:50:34.095,,
2023-08-11 15:50:34.097,,
2023-08-11 15:50:34.099,,
2023-08-11 15:50:34.177,,
2023-08-11 15:50:34.179,,
2023-08-11 15:50:34.181,,
2023-08-11 15:50:34.182,,
2023-08-11 15:50:34.261,,
2023-08-11 15:50:34.263,,
2023-08-11 15:50:34.265,,
2023-08-11 15:50:34.266,,
2023-08-11 15:50:34.342,,
2023-08-11 15:50:34.344,,
2023-08-11 15:50:34.346,,
2023-08-11 15:50:34.348,,
2023-08-11 15:50:34.372,88.0,
2023-08-11 15:50:34.435,,
2023-08-11 15:50:34.436,,
2023-08-11 15:50:34.438,,
2023-08-11 15:50:34.440,,
2023-08-11 15:50:34.515,,
2023-08-11 15:50:34.516,,
2023-08-11 15:50:34.518,,
2023-08-11 15:50:34.520,,
2023-08-11 15:50:34.596,,
2023-08-11 15:50:34.598,,
2023-08-11 15:50:34.599,,
2023-08-11 15:50:34.602,,
2023-08-11 15:50:34.680,,
2023-08-11 15:50:34.682,,
2023-08-11 15:50:34.684,,
2023-08-11 15:50:34.686,,
2023-08-11 15:50:34.768,,
2023-08-11 15:50:34.770,,
2023-08-11 15:50:34.772,,
2023-08-11 15:50:34.774,,
2023-08-11 15:50:34.852,,
2023-08-11 15:50:34.854,,
2023-08-11 15:50:34.855,,
2023-08-11 15:50:34.857,,
2023-08-11 15:50:34.931,,
2023-08-11 15:50:34.933,,
2023-08-11 15:50:34.935,,
2023-08-11 15:50:34.937,,
2023-08-11 15:50:35.010,,
2023-08-11 15:50:35.012,,
2023-08-11 15:50:35.013,,
2023-08-11 15:50:35.015,,
2023-08-11 15:50:35.100,,
2023-08-11 15:50:35.101,,
2023-08-11 15:50:35.103,,
2023-08-11 15:50:35.105,,
2023-08-11 15:50:35.187,,
2023-08-11 15:50:35.189,,
2023-08-11 15:50:35.191,,
2023-08-11 15:50:35.192,,
2023-08-11 15:50:35.196,,
2023-08-11 15:50:35.271,,
2023-08-11 15:50:35.273,,
2023-08-11 15:50:35.275,,
2023-08-11 15:50:35.277,,
2023-08-11 15:50:35.353,,
2023-08-11 15:50:35.355,,
2023-08-11 15:50:35.357,,
2023-08-11 15:50:35.358,,
2023-08-11 15:50:35.362,88.0,
2023-08-11 15:50:35.437,,
2023-08-11 15:50:35.438,,
2023-08-11 15:50:35.440,,
2023-08-11 15:50:35.442,,
2023-08-11 15:50:35.521,,
2023-08-11 15:50:35.523,,
2023-08-11 15:50:35.525,,
2023-08-11 15:50:35.527,,
2023-08-11 15:50:35.601,,
2023-08-11 15:50:35.603,,
2023-08-11 15:50:35.606,,
2023-08-11 15:50:35.608,,
2023-08-11 15:50:35.686,,
2023-08-11 15:50:35.688,,
2023-08-11 15:50:35.690,,
2023-08-11 15:50:35.692,,
2023-08-11 15:50:35.769,,
2023-08-11 15:50:35.771,,
2023-08-11 15:50:35.773,,
2023-08-11 15:50:35.774,,
2023-08-11 15:50:35.849,,
2023-08-11 15:50:35.851,,
