Timestamp,Heart_rate,Feedback
2023-08-11 13:24:12.239,77.0,
2023-08-11 13:24:13.723,77.0,
2023-08-11 13:24:14.218,78.0,
2023-08-11 13:24:15.208,78.0,
2023-08-11 13:24:16.197,78.0,
2023-08-11 13:24:17.188,78.0,
2023-08-11 13:24:18.178,78.0,
2023-08-11 13:24:19.168,79.0,
2023-08-11 13:24:20.653,79.0,
2023-08-11 13:24:21.148,79.0,
2023-08-11 13:24:22.138,79.0,
2023-08-11 13:24:23.128,79.0,
2023-08-11 13:24:24.117,80.0,
2023-08-11 13:24:25.108,80.0,
2023-08-11 13:24:26.098,82.0,
2023-08-11 13:24:27.088,83.0,
2023-08-11 13:24:28.078,83.0,
2023-08-11 13:24:29.068,84.0,
2023-08-11 13:24:30.058,85.0,
2023-08-11 13:24:31.048,85.0,
2023-08-11 13:24:32.039,85.0,
2023-08-11 13:24:33.523,86.0,
2023-08-11 13:24:34.513,87.0,
2023-08-11 13:24:35.503,87.0,
2023-08-11 13:24:36.494,87.0,
2023-08-11 13:24:37.483,88.0,
2023-08-11 13:24:38.473,89.0,
2023-08-11 13:24:39.463,90.0,
2023-08-11 13:24:40.453,90.0,
2023-08-11 13:24:41.443,90.0,
2023-08-11 13:24:42.433,90.0,
2023-08-11 13:24:43.423,89.0,
2023-08-11 13:24:44.413,89.0,
2023-08-11 13:24:45.403,89.0,
2023-08-11 13:24:46.393,90.0,
2023-08-11 13:24:47.384,90.0,
2023-08-11 13:24:48.373,91.0,
2023-08-11 13:24:49.363,91.0,
2023-08-11 13:24:50.353,92.0,
2023-08-11 13:24:51.343,92.0,
2023-08-11 13:24:52.333,92.0,
2023-08-11 13:24:53.323,91.0,
2023-08-11 13:24:54.313,91.0,
2023-08-11 13:24:55.303,90.0,
2023-08-11 13:24:56.293,90.0,
2023-08-11 13:24:57.283,90.0,
2023-08-11 13:24:58.273,91.0,
2023-08-11 13:24:59.758,91.0,
2023-08-11 13:25:01.739,92.0,
2023-08-11 13:25:01.747,92.0,
2023-08-11 13:25:02.728,92.0,
2023-08-11 13:25:03.718,92.0,
2023-08-11 13:25:04.213,92.0,
2023-08-11 13:25:05.203,92.0,
2023-08-11 13:25:06.193,91.0,
2023-08-11 13:25:07.183,92.0,
2023-08-11 13:25:08.173,92.0,
2023-08-11 13:25:09.658,93.0,
2023-08-11 13:25:10.648,94.0,
2023-08-11 13:25:11.144,94.0,
2023-08-11 13:25:12.628,95.0,
2023-08-11 13:25:13.123,95.0,
2023-08-11 13:25:14.113,95.0,
2023-08-11 13:25:15.103,94.0,
2023-08-11 13:25:16.093,94.0,
2023-08-11 13:25:17.083,93.0,
2023-08-11 13:25:18.073,92.0,
2023-08-11 13:25:19.063,92.0,
2023-08-11 13:25:20.054,92.0,
2023-08-11 13:25:22.034,92.0,
2023-08-11 13:25:22.041,93.0,
2023-08-11 13:25:23.519,93.0,
2023-08-11 13:25:25.498,93.0,
2023-08-11 13:25:25.505,92.0,
2023-08-11 13:25:26.488,91.0,
2023-08-11 13:25:27.478,90.0,
2023-08-11 13:25:28.469,90.0,
2023-08-11 13:25:29.458,90.0,
2023-08-11 13:25:30.448,89.0,
2023-08-11 13:25:31.438,90.0,
2023-08-11 13:25:32.428,90.0,
2023-08-11 13:25:33.418,90.0,
2023-08-11 13:25:34.408,90.0,
2023-08-11 13:25:35.398,90.0,
2023-08-11 13:25:36.388,90.0,
2023-08-11 13:25:37.378,90.0,
2023-08-11 13:25:38.368,89.0,
2023-08-11 13:25:39.358,89.0,
2023-08-11 13:25:40.348,88.0,
2023-08-11 13:25:41.338,88.0,
2023-08-11 13:25:42.328,89.0,
2023-08-11 13:25:43.319,88.0,
2023-08-11 13:25:44.308,87.0,
2023-08-11 13:25:45.298,87.0,
2023-08-11 13:25:46.288,86.0,
2023-08-11 13:25:47.278,85.0,
2023-08-11 13:25:48.268,85.0,
2023-08-11 13:25:49.258,84.0,
2023-08-11 13:25:50.248,84.0,
2023-08-11 13:25:51.238,85.0,
2023-08-11 13:25:52.228,85.0,
2023-08-11 13:25:53.218,86.0,
2023-08-11 13:25:54.209,86.0,
2023-08-11 13:25:55.198,87.0,
2023-08-11 13:25:56.188,87.0,
2023-08-11 13:25:57.178,87.0,
2023-08-11 13:25:58.168,87.0,
2023-08-11 13:25:59.158,87.0,
2023-08-11 13:26:00.148,88.0,
2023-08-11 13:26:01.138,88.0,
2023-08-11 13:26:02.129,89.0,
2023-08-11 13:26:03.118,90.0,
2023-08-11 13:26:04.109,90.0,
2023-08-11 13:26:05.098,90.0,
2023-08-11 13:26:06.089,89.0,
2023-08-11 13:26:07.078,89.0,
2023-08-11 13:26:08.068,88.0,
2023-08-11 13:26:09.058,88.0,
2023-08-11 13:26:10.048,87.0,
2023-08-11 13:26:11.039,87.0,
2023-08-11 13:26:12.523,87.0,
2023-08-11 13:26:13.513,87.0,
2023-08-11 13:26:14.503,87.0,
2023-08-11 13:26:15.493,87.0,
2023-08-11 13:26:16.483,88.0,
2023-08-11 13:26:17.473,88.0,
2023-08-11 13:26:18.463,88.0,
2023-08-11 13:26:19.453,87.0,
2023-08-11 13:26:20.443,87.0,
2023-08-11 13:26:21.433,87.0,
2023-08-11 13:26:22.423,87.0,
2023-08-11 13:26:23.413,87.0,
2023-08-11 13:26:24.403,87.0,
2023-08-11 13:26:25.393,88.0,
2023-08-11 13:26:26.384,88.0,
2023-08-11 13:26:27.373,89.0,
2023-08-11 13:26:28.363,91.0,
2023-08-11 13:26:29.353,91.0,
2023-08-11 13:26:30.344,91.0,
2023-08-11 13:26:31.334,91.0,
2023-08-11 13:26:32.323,92.0,
2023-08-11 13:26:33.313,92.0,
2023-08-11 13:26:34.303,92.0,
2023-08-11 13:26:35.293,92.0,
2023-08-11 13:26:36.283,90.0,
2023-08-11 13:26:37.273,89.0,
2023-08-11 13:26:38.264,89.0,
2023-08-11 13:26:39.254,89.0,
2023-08-11 13:26:39.828,88.0,Start
2023-08-11 13:26:39.885,,
2023-08-11 13:26:39.886,,
2023-08-11 13:26:39.888,,
2023-08-11 13:26:39.891,,
2023-08-11 13:26:39.970,,
2023-08-11 13:26:39.972,,
2023-08-11 13:26:39.975,,
2023-08-11 13:26:39.977,,
2023-08-11 13:26:40.059,,
2023-08-11 13:26:40.061,,
2023-08-11 13:26:40.063,,
2023-08-11 13:26:40.065,,
2023-08-11 13:26:40.155,,
2023-08-11 13:26:40.158,,
2023-08-11 13:26:40.160,,
2023-08-11 13:26:40.162,,
2023-08-11 13:26:40.242,,
2023-08-11 13:26:40.243,88.0,
2023-08-11 13:26:40.244,,
2023-08-11 13:26:40.247,,
2023-08-11 13:26:40.249,,
2023-08-11 13:26:40.326,,
2023-08-11 13:26:40.328,,
2023-08-11 13:26:40.330,,
2023-08-11 13:26:40.332,,
2023-08-11 13:26:40.412,,
2023-08-11 13:26:40.415,,
2023-08-11 13:26:40.417,,
2023-08-11 13:26:40.418,,
2023-08-11 13:26:40.497,,
2023-08-11 13:26:40.499,,
2023-08-11 13:26:40.502,,
2023-08-11 13:26:40.504,,
2023-08-11 13:26:40.586,,
2023-08-11 13:26:40.588,,
2023-08-11 13:26:40.590,,
2023-08-11 13:26:40.592,,
2023-08-11 13:26:40.676,,
2023-08-11 13:26:40.678,,
2023-08-11 13:26:40.680,,
2023-08-11 13:26:40.683,,
2023-08-11 13:26:40.763,,
2023-08-11 13:26:40.766,,
2023-08-11 13:26:40.768,,
2023-08-11 13:26:40.771,,
2023-08-11 13:26:40.855,,
2023-08-11 13:26:40.857,,
2023-08-11 13:26:40.860,,
2023-08-11 13:26:40.862,,
2023-08-11 13:26:40.943,,
2023-08-11 13:26:40.945,,
2023-08-11 13:26:40.947,,
2023-08-11 13:26:40.949,,
2023-08-11 13:26:41.034,,
2023-08-11 13:26:41.036,,
2023-08-11 13:26:41.038,,
2023-08-11 13:26:41.041,,
2023-08-11 13:26:41.124,,
2023-08-11 13:26:41.127,,
2023-08-11 13:26:41.129,,
2023-08-11 13:26:41.130,,
2023-08-11 13:26:41.212,,
2023-08-11 13:26:41.215,,
2023-08-11 13:26:41.217,,
2023-08-11 13:26:41.219,,
2023-08-11 13:26:41.234,88.0,
2023-08-11 13:26:41.308,,
2023-08-11 13:26:41.310,,
2023-08-11 13:26:41.312,,
2023-08-11 13:26:41.315,,
2023-08-11 13:26:41.399,,
2023-08-11 13:26:41.401,,
2023-08-11 13:26:41.403,,
2023-08-11 13:26:41.405,,
2023-08-11 13:26:41.485,,
2023-08-11 13:26:41.488,,
2023-08-11 13:26:41.490,,
2023-08-11 13:26:41.492,,
2023-08-11 13:26:41.570,,
2023-08-11 13:26:41.573,,
2023-08-11 13:26:41.575,,
2023-08-11 13:26:41.578,,
2023-08-11 13:26:41.659,,
2023-08-11 13:26:41.662,,
2023-08-11 13:26:41.665,,
2023-08-11 13:26:41.667,,
2023-08-11 13:26:41.749,,
2023-08-11 13:26:41.751,,
2023-08-11 13:26:41.754,,
2023-08-11 13:26:41.756,,
2023-08-11 13:26:41.759,,
2023-08-11 13:26:41.841,,
2023-08-11 13:26:41.843,,
2023-08-11 13:26:41.845,,
2023-08-11 13:26:41.847,,
2023-08-11 13:26:41.925,,
2023-08-11 13:26:41.927,,
2023-08-11 13:26:41.929,,
2023-08-11 13:26:41.931,,
2023-08-11 13:26:42.013,,
2023-08-11 13:26:42.016,,
2023-08-11 13:26:42.018,,
2023-08-11 13:26:42.021,,
2023-08-11 13:26:42.102,,
2023-08-11 13:26:42.104,,
2023-08-11 13:26:42.106,,
2023-08-11 13:26:42.108,,
2023-08-11 13:26:42.187,,
2023-08-11 13:26:42.189,,
2023-08-11 13:26:42.191,,
2023-08-11 13:26:42.193,,
2023-08-11 13:26:42.223,88.0,
2023-08-11 13:26:42.255,,Well done! You are doing the right movement!
2023-08-11 13:26:42.285,,
2023-08-11 13:26:42.287,,
2023-08-11 13:26:42.289,,
2023-08-11 13:26:42.291,,
2023-08-11 13:26:42.372,,
2023-08-11 13:26:42.374,,
2023-08-11 13:26:42.376,,
2023-08-11 13:26:42.378,,
2023-08-11 13:26:42.455,,
2023-08-11 13:26:42.457,,
2023-08-11 13:26:42.460,,
2023-08-11 13:26:42.462,,
2023-08-11 13:26:42.543,,
2023-08-11 13:26:42.545,,
2023-08-11 13:26:42.547,,
2023-08-11 13:26:42.549,,
2023-08-11 13:26:42.628,,
2023-08-11 13:26:42.630,,
2023-08-11 13:26:42.633,,
2023-08-11 13:26:42.636,,
2023-08-11 13:26:42.716,,
2023-08-11 13:26:42.718,,
2023-08-11 13:26:42.720,,
2023-08-11 13:26:42.722,,
2023-08-11 13:26:42.804,,
2023-08-11 13:26:42.806,,
2023-08-11 13:26:42.808,,
2023-08-11 13:26:42.810,,
2023-08-11 13:26:42.895,,
2023-08-11 13:26:42.897,,
2023-08-11 13:26:42.900,,
2023-08-11 13:26:42.903,,
2023-08-11 13:26:42.986,,
2023-08-11 13:26:42.988,,
2023-08-11 13:26:42.990,,
2023-08-11 13:26:42.992,,
2023-08-11 13:26:43.075,,
2023-08-11 13:26:43.077,,
2023-08-11 13:26:43.080,,
2023-08-11 13:26:43.082,,
2023-08-11 13:26:43.163,,
2023-08-11 13:26:43.166,,
2023-08-11 13:26:43.168,,
2023-08-11 13:26:43.171,,
2023-08-11 13:26:43.213,88.0,
2023-08-11 13:26:43.256,,
2023-08-11 13:26:43.258,,
2023-08-11 13:26:43.261,,
2023-08-11 13:26:43.263,,
2023-08-11 13:26:43.348,,
2023-08-11 13:26:43.350,,
2023-08-11 13:26:43.353,,
2023-08-11 13:26:43.355,,
2023-08-11 13:26:43.434,,
2023-08-11 13:26:43.437,,
2023-08-11 13:26:43.439,,
2023-08-11 13:26:43.441,,
2023-08-11 13:26:43.522,,
2023-08-11 13:26:43.524,,
2023-08-11 13:26:43.526,,
2023-08-11 13:26:43.528,,
2023-08-11 13:26:43.609,,
2023-08-11 13:26:43.612,,
2023-08-11 13:26:43.614,,
2023-08-11 13:26:43.616,,
2023-08-11 13:26:43.697,,
2023-08-11 13:26:43.699,,
2023-08-11 13:26:43.701,,
2023-08-11 13:26:43.704,,
2023-08-11 13:26:43.784,,
2023-08-11 13:26:43.786,,
2023-08-11 13:26:43.789,,
2023-08-11 13:26:43.791,,
2023-08-11 13:26:43.875,,
2023-08-11 13:26:43.877,,
2023-08-11 13:26:43.879,,
2023-08-11 13:26:43.881,,
2023-08-11 13:26:43.960,,
2023-08-11 13:26:43.962,,
2023-08-11 13:26:43.964,,
2023-08-11 13:26:43.967,,
2023-08-11 13:26:44.053,,
2023-08-11 13:26:44.056,,
2023-08-11 13:26:44.058,,
2023-08-11 13:26:44.060,,
2023-08-11 13:26:44.142,,
2023-08-11 13:26:44.145,,
2023-08-11 13:26:44.147,,
2023-08-11 13:26:44.149,,
2023-08-11 13:26:44.203,89.0,
2023-08-11 13:26:44.237,,
2023-08-11 13:26:44.239,,
2023-08-11 13:26:44.241,,
2023-08-11 13:26:44.243,,
2023-08-11 13:26:44.326,,
2023-08-11 13:26:44.328,,
2023-08-11 13:26:44.330,,
2023-08-11 13:26:44.333,,
2023-08-11 13:26:44.412,,
2023-08-11 13:26:44.414,,
2023-08-11 13:26:44.416,,
2023-08-11 13:26:44.419,,
2023-08-11 13:26:44.499,,
2023-08-11 13:26:44.501,,
2023-08-11 13:26:44.503,,
2023-08-11 13:26:44.505,,
2023-08-11 13:26:44.585,,
2023-08-11 13:26:44.588,,
2023-08-11 13:26:44.590,,
2023-08-11 13:26:44.593,,
2023-08-11 13:26:44.676,,
2023-08-11 13:26:44.679,,
2023-08-11 13:26:44.681,,
2023-08-11 13:26:44.683,,
2023-08-11 13:26:44.687,,
2023-08-11 13:26:44.769,,
2023-08-11 13:26:44.772,,
2023-08-11 13:26:44.774,,
2023-08-11 13:26:44.776,,
2023-08-11 13:26:44.859,,
2023-08-11 13:26:44.861,,
2023-08-11 13:26:44.863,,
2023-08-11 13:26:44.865,,
2023-08-11 13:26:44.948,,
2023-08-11 13:26:44.950,,
2023-08-11 13:26:44.952,,
2023-08-11 13:26:44.954,,
2023-08-11 13:26:45.033,,
2023-08-11 13:26:45.035,,
2023-08-11 13:26:45.037,,
2023-08-11 13:26:45.039,,
2023-08-11 13:26:45.115,,
2023-08-11 13:26:45.117,,
2023-08-11 13:26:45.119,,
2023-08-11 13:26:45.121,,
2023-08-11 13:26:45.194,89.0,
2023-08-11 13:26:45.214,,
2023-08-11 13:26:45.216,,
2023-08-11 13:26:45.217,,
2023-08-11 13:26:45.219,,
2023-08-11 13:26:45.304,,
2023-08-11 13:26:45.306,,
2023-08-11 13:26:45.308,,
2023-08-11 13:26:45.310,,
2023-08-11 13:26:45.390,,
2023-08-11 13:26:45.392,,
2023-08-11 13:26:45.394,,
2023-08-11 13:26:45.395,,
2023-08-11 13:26:45.475,,
2023-08-11 13:26:45.478,,
2023-08-11 13:26:45.480,,
2023-08-11 13:26:45.482,,
2023-08-11 13:26:45.561,,
2023-08-11 13:26:45.563,,
2023-08-11 13:26:45.565,,
2023-08-11 13:26:45.567,,
2023-08-11 13:26:45.646,,
2023-08-11 13:26:45.648,,
2023-08-11 13:26:45.650,,
2023-08-11 13:26:45.653,,
2023-08-11 13:26:45.735,,
2023-08-11 13:26:45.737,,
2023-08-11 13:26:45.740,,
2023-08-11 13:26:45.743,,
2023-08-11 13:26:45.824,,
2023-08-11 13:26:45.826,,
2023-08-11 13:26:45.829,,
2023-08-11 13:26:45.831,,
2023-08-11 13:26:45.911,,
2023-08-11 13:26:45.914,,
2023-08-11 13:26:45.916,,
2023-08-11 13:26:45.918,,
2023-08-11 13:26:46.008,,
2023-08-11 13:26:46.011,,
2023-08-11 13:26:46.013,,
2023-08-11 13:26:46.015,,
2023-08-11 13:26:46.094,,
2023-08-11 13:26:46.097,,
2023-08-11 13:26:46.099,,
2023-08-11 13:26:46.101,,
2023-08-11 13:26:46.184,89.0,
2023-08-11 13:26:46.194,,
2023-08-11 13:26:46.196,,
2023-08-11 13:26:46.198,,
2023-08-11 13:26:46.201,,
2023-08-11 13:26:46.283,,
2023-08-11 13:26:46.285,,
2023-08-11 13:26:46.288,,
2023-08-11 13:26:46.290,,
2023-08-11 13:26:46.371,,
2023-08-11 13:26:46.374,,
2023-08-11 13:26:46.376,,
2023-08-11 13:26:46.378,,
2023-08-11 13:26:46.460,,
2023-08-11 13:26:46.462,,
2023-08-11 13:26:46.465,,
2023-08-11 13:26:46.467,,
2023-08-11 13:26:46.546,,
2023-08-11 13:26:46.548,,
2023-08-11 13:26:46.550,,
2023-08-11 13:26:46.552,,
2023-08-11 13:26:46.632,,
2023-08-11 13:26:46.635,,
2023-08-11 13:26:46.638,,
2023-08-11 13:26:46.641,,
2023-08-11 13:26:46.724,,
2023-08-11 13:26:46.726,,
2023-08-11 13:26:46.728,,
2023-08-11 13:26:46.730,,
2023-08-11 13:26:46.812,,
2023-08-11 13:26:46.814,,
2023-08-11 13:26:46.816,,
2023-08-11 13:26:46.818,,
2023-08-11 13:26:46.900,,
2023-08-11 13:26:46.902,,
2023-08-11 13:26:46.904,,
2023-08-11 13:26:46.905,,
2023-08-11 13:26:46.988,,
2023-08-11 13:26:46.990,,
2023-08-11 13:26:46.992,,
2023-08-11 13:26:46.994,,
2023-08-11 13:26:47.073,,
2023-08-11 13:26:47.075,,
2023-08-11 13:26:47.077,,
2023-08-11 13:26:47.079,,
2023-08-11 13:26:47.161,,
2023-08-11 13:26:47.164,,
2023-08-11 13:26:47.166,,
2023-08-11 13:26:47.169,,
2023-08-11 13:26:47.174,89.0,
2023-08-11 13:26:47.246,,
2023-08-11 13:26:47.248,,
2023-08-11 13:26:47.250,,
2023-08-11 13:26:47.252,,
2023-08-11 13:26:47.331,,
2023-08-11 13:26:47.333,,
2023-08-11 13:26:47.336,,
2023-08-11 13:26:47.338,,
2023-08-11 13:26:47.414,,
2023-08-11 13:26:47.416,,
2023-08-11 13:26:47.418,,
2023-08-11 13:26:47.420,,
2023-08-11 13:26:47.497,,
2023-08-11 13:26:47.500,,
2023-08-11 13:26:47.502,,
2023-08-11 13:26:47.504,,
2023-08-11 13:26:47.583,,
2023-08-11 13:26:47.585,,
2023-08-11 13:26:47.587,,
2023-08-11 13:26:47.589,,
2023-08-11 13:26:47.668,,
2023-08-11 13:26:47.670,,
2023-08-11 13:26:47.673,,
2023-08-11 13:26:47.675,,
2023-08-11 13:26:47.679,,
2023-08-11 13:26:47.764,,
2023-08-11 13:26:47.766,,
2023-08-11 13:26:47.768,,
2023-08-11 13:26:47.770,,
2023-08-11 13:26:47.853,,
2023-08-11 13:26:47.855,,
2023-08-11 13:26:47.857,,
2023-08-11 13:26:47.859,,
2023-08-11 13:26:47.940,,
2023-08-11 13:26:47.942,,
2023-08-11 13:26:47.944,,
2023-08-11 13:26:47.946,,
2023-08-11 13:26:48.023,,
2023-08-11 13:26:48.025,,
2023-08-11 13:26:48.027,,
2023-08-11 13:26:48.029,,
2023-08-11 13:26:48.112,,
2023-08-11 13:26:48.114,,
2023-08-11 13:26:48.116,,
2023-08-11 13:26:48.119,,
2023-08-11 13:26:48.163,89.0,
2023-08-11 13:26:48.210,,
2023-08-11 13:26:48.212,,
2023-08-11 13:26:48.214,,
2023-08-11 13:26:48.216,,
2023-08-11 13:26:48.293,,
2023-08-11 13:26:48.295,,
2023-08-11 13:26:48.298,,
2023-08-11 13:26:48.301,,
2023-08-11 13:26:48.382,,
2023-08-11 13:26:48.385,,
2023-08-11 13:26:48.386,,
2023-08-11 13:26:48.389,,
2023-08-11 13:26:48.466,,
2023-08-11 13:26:48.468,,
2023-08-11 13:26:48.470,,
2023-08-11 13:26:48.472,,
2023-08-11 13:26:48.560,,
2023-08-11 13:26:48.562,,
2023-08-11 13:26:48.564,,
2023-08-11 13:26:48.565,,
2023-08-11 13:26:48.645,,
2023-08-11 13:26:48.647,,
2023-08-11 13:26:48.650,,
2023-08-11 13:26:48.652,,
2023-08-11 13:26:48.735,,
2023-08-11 13:26:48.737,,
2023-08-11 13:26:48.739,,
2023-08-11 13:26:48.741,,
2023-08-11 13:26:48.820,,
2023-08-11 13:26:48.822,,
2023-08-11 13:26:48.824,,
2023-08-11 13:26:48.826,,
2023-08-11 13:26:48.905,,
2023-08-11 13:26:48.907,,
2023-08-11 13:26:48.910,,
2023-08-11 13:26:48.912,,
2023-08-11 13:26:48.995,,
2023-08-11 13:26:48.997,,
2023-08-11 13:26:49.000,,
2023-08-11 13:26:49.002,,
2023-08-11 13:26:49.083,,
2023-08-11 13:26:49.086,,
2023-08-11 13:26:49.089,,
2023-08-11 13:26:49.091,,
2023-08-11 13:26:49.154,89.0,
2023-08-11 13:26:49.179,,
2023-08-11 13:26:49.182,,
2023-08-11 13:26:49.184,,
2023-08-11 13:26:49.186,,
2023-08-11 13:26:49.264,,
2023-08-11 13:26:49.266,,
2023-08-11 13:26:49.269,,
2023-08-11 13:26:49.271,,
2023-08-11 13:26:49.352,,
2023-08-11 13:26:49.354,,
2023-08-11 13:26:49.357,,
2023-08-11 13:26:49.360,,
2023-08-11 13:26:49.444,,
2023-08-11 13:26:49.446,,
2023-08-11 13:26:49.449,,
2023-08-11 13:26:49.452,,
2023-08-11 13:26:49.535,,
2023-08-11 13:26:49.537,,
2023-08-11 13:26:49.539,,
2023-08-11 13:26:49.542,,
2023-08-11 13:26:49.624,,
2023-08-11 13:26:49.627,,
2023-08-11 13:26:49.629,,
2023-08-11 13:26:49.632,,
2023-08-11 13:26:49.712,,
2023-08-11 13:26:49.714,,
2023-08-11 13:26:49.717,,
2023-08-11 13:26:49.719,,
2023-08-11 13:26:49.802,,
2023-08-11 13:26:49.804,,
2023-08-11 13:26:49.806,,
2023-08-11 13:26:49.808,,
2023-08-11 13:26:49.886,,
2023-08-11 13:26:49.889,,
2023-08-11 13:26:49.892,,
2023-08-11 13:26:49.894,,
2023-08-11 13:26:49.973,,
2023-08-11 13:26:49.976,,
2023-08-11 13:26:49.978,,
2023-08-11 13:26:49.981,,
2023-08-11 13:26:50.064,,
2023-08-11 13:26:50.066,,
2023-08-11 13:26:50.068,,
2023-08-11 13:26:50.070,,
2023-08-11 13:26:50.143,89.0,
2023-08-11 13:26:50.154,,
2023-08-11 13:26:50.157,,
2023-08-11 13:26:50.159,,
2023-08-11 13:26:50.161,,
2023-08-11 13:26:50.247,,
2023-08-11 13:26:50.249,,
2023-08-11 13:26:50.252,,
2023-08-11 13:26:50.254,,
2023-08-11 13:26:50.337,,
2023-08-11 13:26:50.339,,
2023-08-11 13:26:50.341,,
2023-08-11 13:26:50.343,,
2023-08-11 13:26:50.427,,
2023-08-11 13:26:50.430,,
2023-08-11 13:26:50.433,,
2023-08-11 13:26:50.435,,
2023-08-11 13:26:50.517,,
2023-08-11 13:26:50.519,,
2023-08-11 13:26:50.521,,
2023-08-11 13:26:50.523,,
2023-08-11 13:26:50.527,,
2023-08-11 13:26:50.615,,
2023-08-11 13:26:50.617,,
2023-08-11 13:26:50.620,,
2023-08-11 13:26:50.622,,
2023-08-11 13:26:50.702,,
2023-08-11 13:26:50.703,,
2023-08-11 13:26:50.706,,
2023-08-11 13:26:50.708,,
2023-08-11 13:26:50.785,,
2023-08-11 13:26:50.787,,
2023-08-11 13:26:50.789,,
2023-08-11 13:26:50.791,,
2023-08-11 13:26:50.872,,
2023-08-11 13:26:50.875,,
2023-08-11 13:26:50.877,,
2023-08-11 13:26:50.879,,
2023-08-11 13:26:50.962,,
2023-08-11 13:26:50.964,,
2023-08-11 13:26:50.966,,
2023-08-11 13:26:50.968,,
2023-08-11 13:26:51.051,,
2023-08-11 13:26:51.053,,
2023-08-11 13:26:51.055,,
2023-08-11 13:26:51.057,,
2023-08-11 13:26:51.060,,
2023-08-11 13:26:51.134,89.0,
2023-08-11 13:26:51.147,,
2023-08-11 13:26:51.150,,
2023-08-11 13:26:51.153,,
2023-08-11 13:26:51.156,,
2023-08-11 13:26:51.242,,
2023-08-11 13:26:51.245,,
2023-08-11 13:26:51.248,,
2023-08-11 13:26:51.250,,
2023-08-11 13:26:51.331,,
2023-08-11 13:26:51.333,,
2023-08-11 13:26:51.336,,
2023-08-11 13:26:51.338,,
2023-08-11 13:26:51.420,,
2023-08-11 13:26:51.422,,
2023-08-11 13:26:51.424,,
2023-08-11 13:26:51.425,,
2023-08-11 13:26:51.502,,
2023-08-11 13:26:51.504,,
2023-08-11 13:26:51.506,,
2023-08-11 13:26:51.507,,
2023-08-11 13:26:51.586,,
2023-08-11 13:26:51.588,,
2023-08-11 13:26:51.590,,
2023-08-11 13:26:51.592,,
2023-08-11 13:26:51.671,,
2023-08-11 13:26:51.673,,
2023-08-11 13:26:51.675,,
2023-08-11 13:26:51.677,,
2023-08-11 13:26:51.757,,
2023-08-11 13:26:51.759,,
2023-08-11 13:26:51.761,,
2023-08-11 13:26:51.763,,
2023-08-11 13:26:51.851,,
2023-08-11 13:26:51.853,,
2023-08-11 13:26:51.855,,
2023-08-11 13:26:51.857,,
2023-08-11 13:26:51.931,,
2023-08-11 13:26:51.933,,
2023-08-11 13:26:51.935,,
2023-08-11 13:26:51.938,,
2023-08-11 13:26:52.015,,
2023-08-11 13:26:52.017,,
2023-08-11 13:26:52.020,,
2023-08-11 13:26:52.023,,
2023-08-11 13:26:52.107,,
2023-08-11 13:26:52.109,,
2023-08-11 13:26:52.111,,
2023-08-11 13:26:52.113,,
2023-08-11 13:26:52.123,89.0,
2023-08-11 13:26:52.202,,
2023-08-11 13:26:52.205,,
2023-08-11 13:26:52.207,,
2023-08-11 13:26:52.209,,
2023-08-11 13:26:52.288,,
2023-08-11 13:26:52.290,,
2023-08-11 13:26:52.292,,
2023-08-11 13:26:52.294,,
2023-08-11 13:26:52.377,,
2023-08-11 13:26:52.380,,
2023-08-11 13:26:52.381,,
2023-08-11 13:26:52.383,,
2023-08-11 13:26:52.462,,
2023-08-11 13:26:52.463,,
2023-08-11 13:26:52.465,,
2023-08-11 13:26:52.467,,
2023-08-11 13:26:52.553,,
2023-08-11 13:26:52.555,,
2023-08-11 13:26:52.557,,
2023-08-11 13:26:52.559,,
2023-08-11 13:26:52.640,,
2023-08-11 13:26:52.642,,
2023-08-11 13:26:52.644,,
2023-08-11 13:26:52.646,,
2023-08-11 13:26:52.726,,
2023-08-11 13:26:52.728,,
2023-08-11 13:26:52.730,,
2023-08-11 13:26:52.732,,
2023-08-11 13:26:52.812,,
2023-08-11 13:26:52.815,,
2023-08-11 13:26:52.817,,
2023-08-11 13:26:52.819,,
2023-08-11 13:26:52.897,,
2023-08-11 13:26:52.900,,
2023-08-11 13:26:52.902,,
2023-08-11 13:26:52.904,,
2023-08-11 13:26:52.979,,
2023-08-11 13:26:52.981,,
2023-08-11 13:26:52.983,,
2023-08-11 13:26:52.985,,
2023-08-11 13:26:53.062,,
2023-08-11 13:26:53.064,,
2023-08-11 13:26:53.066,,
2023-08-11 13:26:53.068,,
2023-08-11 13:26:53.113,90.0,
2023-08-11 13:26:53.153,,
2023-08-11 13:26:53.155,,
2023-08-11 13:26:53.158,,
2023-08-11 13:26:53.160,,
2023-08-11 13:26:53.238,,
2023-08-11 13:26:53.241,,
2023-08-11 13:26:53.243,,
2023-08-11 13:26:53.245,,
2023-08-11 13:26:53.332,,
2023-08-11 13:26:53.335,,
2023-08-11 13:26:53.337,,
2023-08-11 13:26:53.340,,
2023-08-11 13:26:53.422,,
2023-08-11 13:26:53.424,,
2023-08-11 13:26:53.427,,
2023-08-11 13:26:53.429,,
2023-08-11 13:26:53.432,,
2023-08-11 13:26:53.514,,
2023-08-11 13:26:53.516,,
2023-08-11 13:26:53.518,,
2023-08-11 13:26:53.520,,
2023-08-11 13:26:53.599,,
2023-08-11 13:26:53.602,,
2023-08-11 13:26:53.604,,
2023-08-11 13:26:53.606,,
2023-08-11 13:26:53.686,,
2023-08-11 13:26:53.688,,
2023-08-11 13:26:53.690,,
2023-08-11 13:26:53.692,,
2023-08-11 13:26:53.770,,
2023-08-11 13:26:53.772,,
2023-08-11 13:26:53.774,,
2023-08-11 13:26:53.776,,
2023-08-11 13:26:53.858,,
2023-08-11 13:26:53.860,,
2023-08-11 13:26:53.862,,
2023-08-11 13:26:53.864,,
2023-08-11 13:26:53.941,,
2023-08-11 13:26:53.944,,
2023-08-11 13:26:53.946,,
2023-08-11 13:26:53.948,,
2023-08-11 13:26:54.027,,
2023-08-11 13:26:54.030,,
2023-08-11 13:26:54.033,,
2023-08-11 13:26:54.035,,
2023-08-11 13:26:54.104,91.0,
2023-08-11 13:26:54.116,,
2023-08-11 13:26:54.118,,
2023-08-11 13:26:54.120,,
2023-08-11 13:26:54.123,,
2023-08-11 13:26:54.201,,
2023-08-11 13:26:54.203,,
2023-08-11 13:26:54.205,,
2023-08-11 13:26:54.207,,
2023-08-11 13:26:54.287,,
2023-08-11 13:26:54.290,,
2023-08-11 13:26:54.292,,
2023-08-11 13:26:54.294,,
2023-08-11 13:26:54.373,,
2023-08-11 13:26:54.375,,
2023-08-11 13:26:54.377,,
2023-08-11 13:26:54.379,,
2023-08-11 13:26:54.454,,
2023-08-11 13:26:54.456,,
2023-08-11 13:26:54.458,,
2023-08-11 13:26:54.460,,
2023-08-11 13:26:54.538,,
2023-08-11 13:26:54.540,,
2023-08-11 13:26:54.542,,
2023-08-11 13:26:54.545,,
2023-08-11 13:26:54.638,,
2023-08-11 13:26:54.641,,
2023-08-11 13:26:54.643,,
2023-08-11 13:26:54.646,,
2023-08-11 13:26:54.731,,
2023-08-11 13:26:54.733,,
2023-08-11 13:26:54.736,,
2023-08-11 13:26:54.738,,
2023-08-11 13:26:54.817,,
2023-08-11 13:26:54.819,,
2023-08-11 13:26:54.821,,
2023-08-11 13:26:54.823,,
2023-08-11 13:26:54.906,,
2023-08-11 13:26:54.907,,
2023-08-11 13:26:54.909,,
2023-08-11 13:26:54.911,,
2023-08-11 13:26:54.989,,
2023-08-11 13:26:54.991,,
2023-08-11 13:26:54.993,,
2023-08-11 13:26:54.996,,
2023-08-11 13:26:55.075,,
2023-08-11 13:26:55.077,,
2023-08-11 13:26:55.079,,
2023-08-11 13:26:55.081,,
2023-08-11 13:26:55.093,92.0,
2023-08-11 13:26:55.165,,
2023-08-11 13:26:55.167,,
2023-08-11 13:26:55.169,,
2023-08-11 13:26:55.171,,
2023-08-11 13:26:55.250,,
2023-08-11 13:26:55.252,,
2023-08-11 13:26:55.254,,
2023-08-11 13:26:55.256,,
2023-08-11 13:26:55.335,,
2023-08-11 13:26:55.337,,
2023-08-11 13:26:55.340,,
2023-08-11 13:26:55.341,,
2023-08-11 13:26:55.419,,
2023-08-11 13:26:55.421,,
2023-08-11 13:26:55.423,,
2023-08-11 13:26:55.425,,
2023-08-11 13:26:55.500,,
2023-08-11 13:26:55.503,,
2023-08-11 13:26:55.505,,
2023-08-11 13:26:55.507,,
2023-08-11 13:26:55.592,,
2023-08-11 13:26:55.594,,
2023-08-11 13:26:55.596,,
2023-08-11 13:26:55.598,,
2023-08-11 13:26:55.608,,Great job! Keep going!
2023-08-11 13:26:55.683,,
2023-08-11 13:26:55.685,,
2023-08-11 13:26:55.687,,
2023-08-11 13:26:55.690,,
2023-08-11 13:26:55.766,,
2023-08-11 13:26:55.768,,
2023-08-11 13:26:55.770,,
2023-08-11 13:26:55.771,,
2023-08-11 13:26:55.854,,
2023-08-11 13:26:55.856,,
2023-08-11 13:26:55.858,,
2023-08-11 13:26:55.860,,
2023-08-11 13:26:55.944,,
2023-08-11 13:26:55.945,,
2023-08-11 13:26:55.948,,
2023-08-11 13:26:55.950,,
2023-08-11 13:26:56.027,,
2023-08-11 13:26:56.029,,
2023-08-11 13:26:56.031,,
2023-08-11 13:26:56.033,,
2023-08-11 13:26:56.083,92.0,
2023-08-11 13:26:56.122,,
2023-08-11 13:26:56.124,,
2023-08-11 13:26:56.126,,
2023-08-11 13:26:56.128,,
2023-08-11 13:26:56.219,,
2023-08-11 13:26:56.222,,
2023-08-11 13:26:56.224,,
2023-08-11 13:26:56.227,,
2023-08-11 13:26:56.307,,
2023-08-11 13:26:56.309,,
2023-08-11 13:26:56.311,,
2023-08-11 13:26:56.313,,
2023-08-11 13:26:56.317,,
2023-08-11 13:26:56.394,,
2023-08-11 13:26:56.396,,
2023-08-11 13:26:56.398,,
2023-08-11 13:26:56.401,,
2023-08-11 13:26:56.489,,
2023-08-11 13:26:56.491,,
2023-08-11 13:26:56.493,,
2023-08-11 13:26:56.495,,
2023-08-11 13:26:56.577,,
2023-08-11 13:26:56.580,,
2023-08-11 13:26:56.582,,
2023-08-11 13:26:56.584,,
2023-08-11 13:26:56.672,,
2023-08-11 13:26:56.674,,
2023-08-11 13:26:56.676,,
2023-08-11 13:26:56.678,,
2023-08-11 13:26:56.682,,
2023-08-11 13:26:56.766,,
2023-08-11 13:26:56.769,,
2023-08-11 13:26:56.771,,
2023-08-11 13:26:56.773,,
2023-08-11 13:26:56.856,,
2023-08-11 13:26:56.858,,
2023-08-11 13:26:56.860,,
2023-08-11 13:26:56.862,,
2023-08-11 13:26:56.949,,
2023-08-11 13:26:56.951,,
2023-08-11 13:26:56.953,,
2023-08-11 13:26:56.956,,
2023-08-11 13:26:57.036,,
2023-08-11 13:26:57.038,,
2023-08-11 13:26:57.040,,
2023-08-11 13:26:57.042,,
2023-08-11 13:26:57.073,92.0,
2023-08-11 13:26:57.120,,
2023-08-11 13:26:57.122,,
2023-08-11 13:26:57.124,,
2023-08-11 13:26:57.127,,
2023-08-11 13:26:57.209,,
2023-08-11 13:26:57.211,,
2023-08-11 13:26:57.213,,
2023-08-11 13:26:57.215,,
2023-08-11 13:26:57.296,,
2023-08-11 13:26:57.298,,
2023-08-11 13:26:57.300,,
2023-08-11 13:26:57.301,,
2023-08-11 13:26:57.387,,
2023-08-11 13:26:57.389,,
2023-08-11 13:26:57.391,,
2023-08-11 13:26:57.393,,
2023-08-11 13:26:57.474,,
2023-08-11 13:26:57.476,,
2023-08-11 13:26:57.478,,
2023-08-11 13:26:57.480,,
2023-08-11 13:26:57.561,,
2023-08-11 13:26:57.564,,
2023-08-11 13:26:57.566,,
2023-08-11 13:26:57.569,,
2023-08-11 13:26:57.650,,
2023-08-11 13:26:57.653,,
2023-08-11 13:26:57.655,,
2023-08-11 13:26:57.658,,
2023-08-11 13:26:57.742,,
2023-08-11 13:26:57.745,,
2023-08-11 13:26:57.747,,
2023-08-11 13:26:57.750,,
2023-08-11 13:26:57.832,,
2023-08-11 13:26:57.835,,
2023-08-11 13:26:57.837,,
2023-08-11 13:26:57.839,,
2023-08-11 13:26:57.917,,
2023-08-11 13:26:57.919,,
2023-08-11 13:26:57.922,,
2023-08-11 13:26:57.925,,
2023-08-11 13:26:58.006,,
2023-08-11 13:26:58.009,,
2023-08-11 13:26:58.011,,
2023-08-11 13:26:58.012,,
2023-08-11 13:26:58.063,92.0,
2023-08-11 13:26:58.097,,
2023-08-11 13:26:58.099,,
2023-08-11 13:26:58.101,,
2023-08-11 13:26:58.103,,
2023-08-11 13:26:58.193,,
2023-08-11 13:26:58.195,,
2023-08-11 13:26:58.197,,
2023-08-11 13:26:58.199,,
2023-08-11 13:26:58.279,,
2023-08-11 13:26:58.281,,
2023-08-11 13:26:58.283,,
2023-08-11 13:26:58.285,,
2023-08-11 13:26:58.362,,
2023-08-11 13:26:58.364,,
2023-08-11 13:26:58.367,,
2023-08-11 13:26:58.369,,
2023-08-11 13:26:58.448,,
2023-08-11 13:26:58.450,,
2023-08-11 13:26:58.452,,
2023-08-11 13:26:58.454,,
2023-08-11 13:26:58.534,,
2023-08-11 13:26:58.536,,
2023-08-11 13:26:58.539,,
2023-08-11 13:26:58.542,,
2023-08-11 13:26:58.641,,
2023-08-11 13:26:58.644,,
2023-08-11 13:26:58.646,,
2023-08-11 13:26:58.648,,
2023-08-11 13:26:58.732,,
2023-08-11 13:26:58.735,,
2023-08-11 13:26:58.737,,
2023-08-11 13:26:58.739,,
2023-08-11 13:26:58.818,,
2023-08-11 13:26:58.820,,
2023-08-11 13:26:58.822,,
2023-08-11 13:26:58.824,,
2023-08-11 13:26:58.904,,
2023-08-11 13:26:58.906,,
2023-08-11 13:26:58.909,,
2023-08-11 13:26:58.911,,
2023-08-11 13:26:58.992,,
2023-08-11 13:26:58.994,,
2023-08-11 13:26:58.996,,
2023-08-11 13:26:58.998,,
2023-08-11 13:26:59.003,,
2023-08-11 13:26:59.054,91.0,
2023-08-11 13:26:59.085,,
2023-08-11 13:26:59.088,,
2023-08-11 13:26:59.090,,
2023-08-11 13:26:59.092,,
2023-08-11 13:26:59.181,,
2023-08-11 13:26:59.183,,
2023-08-11 13:26:59.186,,
2023-08-11 13:26:59.187,,
2023-08-11 13:26:59.265,,
2023-08-11 13:26:59.268,,
2023-08-11 13:26:59.270,,
2023-08-11 13:26:59.272,,
2023-08-11 13:26:59.351,,
2023-08-11 13:26:59.353,,
2023-08-11 13:26:59.356,,
2023-08-11 13:26:59.359,,
2023-08-11 13:26:59.442,,
2023-08-11 13:26:59.445,,
2023-08-11 13:26:59.447,,
2023-08-11 13:26:59.450,,
2023-08-11 13:26:59.530,,
2023-08-11 13:26:59.532,,
2023-08-11 13:26:59.535,,
2023-08-11 13:26:59.538,,
2023-08-11 13:26:59.622,,
2023-08-11 13:26:59.625,,
2023-08-11 13:26:59.627,,
2023-08-11 13:26:59.630,,
2023-08-11 13:26:59.715,,
2023-08-11 13:26:59.717,,
2023-08-11 13:26:59.720,,
2023-08-11 13:26:59.722,,
2023-08-11 13:26:59.802,,
2023-08-11 13:26:59.804,,
2023-08-11 13:26:59.807,,
2023-08-11 13:26:59.809,,
2023-08-11 13:26:59.890,,
2023-08-11 13:26:59.892,,
2023-08-11 13:26:59.895,,
2023-08-11 13:26:59.897,,
2023-08-11 13:26:59.978,,
2023-08-11 13:26:59.980,,
2023-08-11 13:26:59.983,,
2023-08-11 13:26:59.985,,
2023-08-11 13:27:00.044,90.0,
2023-08-11 13:27:00.066,,
2023-08-11 13:27:00.068,,
2023-08-11 13:27:00.071,,
2023-08-11 13:27:00.073,,
2023-08-11 13:27:00.166,,
2023-08-11 13:27:00.168,,
2023-08-11 13:27:00.170,,
2023-08-11 13:27:00.172,,
2023-08-11 13:27:00.262,,
2023-08-11 13:27:00.264,,
2023-08-11 13:27:00.267,,
2023-08-11 13:27:00.270,,
2023-08-11 13:27:00.362,,
2023-08-11 13:27:00.364,,
2023-08-11 13:27:00.367,,
2023-08-11 13:27:00.369,,
2023-08-11 13:27:00.454,,
2023-08-11 13:27:00.457,,
2023-08-11 13:27:00.460,,
2023-08-11 13:27:00.462,,
2023-08-11 13:27:00.547,,
2023-08-11 13:27:00.550,,
2023-08-11 13:27:00.552,,
2023-08-11 13:27:00.554,,
2023-08-11 13:27:00.637,,
2023-08-11 13:27:00.639,,
2023-08-11 13:27:00.642,,
2023-08-11 13:27:00.644,,
2023-08-11 13:27:00.734,,
2023-08-11 13:27:00.737,,
2023-08-11 13:27:00.740,,
2023-08-11 13:27:00.742,,
2023-08-11 13:27:00.821,,
2023-08-11 13:27:00.823,,
2023-08-11 13:27:00.825,,
2023-08-11 13:27:00.827,,
2023-08-11 13:27:00.917,,
2023-08-11 13:27:00.920,,
2023-08-11 13:27:00.922,,
2023-08-11 13:27:00.923,,
2023-08-11 13:27:01.008,,
2023-08-11 13:27:01.010,,
2023-08-11 13:27:01.012,,
2023-08-11 13:27:01.014,,
2023-08-11 13:27:01.033,90.0,
2023-08-11 13:27:01.097,,
2023-08-11 13:27:01.100,,
2023-08-11 13:27:01.103,,
2023-08-11 13:27:01.105,,
2023-08-11 13:27:01.189,,
2023-08-11 13:27:01.191,,
2023-08-11 13:27:01.193,,
2023-08-11 13:27:01.195,,
2023-08-11 13:27:01.283,,
2023-08-11 13:27:01.286,,
2023-08-11 13:27:01.288,,
2023-08-11 13:27:01.291,,
2023-08-11 13:27:01.379,,
2023-08-11 13:27:01.381,,
2023-08-11 13:27:01.383,,
2023-08-11 13:27:01.385,,
2023-08-11 13:27:01.463,,
2023-08-11 13:27:01.466,,
2023-08-11 13:27:01.469,,
2023-08-11 13:27:01.471,,
2023-08-11 13:27:01.551,,
2023-08-11 13:27:01.553,,
2023-08-11 13:27:01.555,,
2023-08-11 13:27:01.558,,
2023-08-11 13:27:01.640,,
2023-08-11 13:27:01.642,,
2023-08-11 13:27:01.645,,
2023-08-11 13:27:01.647,,
2023-08-11 13:27:01.652,,
2023-08-11 13:27:01.735,,
2023-08-11 13:27:01.738,,
2023-08-11 13:27:01.740,,
2023-08-11 13:27:01.742,,
2023-08-11 13:27:01.826,,
2023-08-11 13:27:01.829,,
2023-08-11 13:27:01.831,,
2023-08-11 13:27:01.834,,
2023-08-11 13:27:01.911,,
2023-08-11 13:27:01.913,,
2023-08-11 13:27:01.915,,
2023-08-11 13:27:01.917,,
2023-08-11 13:27:01.996,,
2023-08-11 13:27:01.998,,
2023-08-11 13:27:02.000,,
2023-08-11 13:27:02.002,,
2023-08-11 13:27:02.079,,
2023-08-11 13:27:02.082,,
2023-08-11 13:27:02.084,,
2023-08-11 13:27:02.086,,
2023-08-11 13:27:02.166,,
2023-08-11 13:27:02.168,,
2023-08-11 13:27:02.170,,
2023-08-11 13:27:02.172,,
2023-08-11 13:27:02.249,,
2023-08-11 13:27:02.252,,
2023-08-11 13:27:02.254,,
2023-08-11 13:27:02.257,,
2023-08-11 13:27:02.334,,
2023-08-11 13:27:02.336,,
2023-08-11 13:27:02.339,,
2023-08-11 13:27:02.341,,
2023-08-11 13:27:02.427,,
2023-08-11 13:27:02.430,,
2023-08-11 13:27:02.432,,
2023-08-11 13:27:02.435,,
2023-08-11 13:27:02.517,,
2023-08-11 13:27:02.518,91.0,
2023-08-11 13:27:02.519,,
2023-08-11 13:27:02.522,,
2023-08-11 13:27:02.524,,
2023-08-11 13:27:02.604,,
2023-08-11 13:27:02.606,,
2023-08-11 13:27:02.608,,
2023-08-11 13:27:02.610,,
2023-08-11 13:27:02.692,,
2023-08-11 13:27:02.695,,
2023-08-11 13:27:02.697,,
2023-08-11 13:27:02.699,,
2023-08-11 13:27:02.778,,
2023-08-11 13:27:02.780,,
2023-08-11 13:27:02.782,,
2023-08-11 13:27:02.784,,
2023-08-11 13:27:02.862,,
2023-08-11 13:27:02.864,,
2023-08-11 13:27:02.867,,
2023-08-11 13:27:02.869,,
2023-08-11 13:27:02.948,,
2023-08-11 13:27:02.951,,
2023-08-11 13:27:02.953,,
2023-08-11 13:27:02.955,,
2023-08-11 13:27:03.032,,
2023-08-11 13:27:03.035,,
2023-08-11 13:27:03.037,,
2023-08-11 13:27:03.039,,
2023-08-11 13:27:03.115,,
2023-08-11 13:27:03.118,,
2023-08-11 13:27:03.120,,
2023-08-11 13:27:03.122,,
2023-08-11 13:27:03.202,,
2023-08-11 13:27:03.204,,
2023-08-11 13:27:03.206,,
2023-08-11 13:27:03.208,,
2023-08-11 13:27:03.286,,
2023-08-11 13:27:03.288,,
2023-08-11 13:27:03.291,,
2023-08-11 13:27:03.293,,
2023-08-11 13:27:03.373,,
2023-08-11 13:27:03.375,,
2023-08-11 13:27:03.377,,
2023-08-11 13:27:03.379,,
2023-08-11 13:27:03.458,,
2023-08-11 13:27:03.460,,
2023-08-11 13:27:03.462,,
2023-08-11 13:27:03.464,,
2023-08-11 13:27:03.508,92.0,
2023-08-11 13:27:03.546,,
2023-08-11 13:27:03.548,,
2023-08-11 13:27:03.551,,
2023-08-11 13:27:03.553,,
2023-08-11 13:27:03.632,,
2023-08-11 13:27:03.635,,
2023-08-11 13:27:03.638,,
2023-08-11 13:27:03.641,,
2023-08-11 13:27:03.721,,
2023-08-11 13:27:03.723,,
2023-08-11 13:27:03.725,,
2023-08-11 13:27:03.727,,
2023-08-11 13:27:03.803,,
2023-08-11 13:27:03.805,,
2023-08-11 13:27:03.807,,
2023-08-11 13:27:03.809,,
2023-08-11 13:27:03.883,,
2023-08-11 13:27:03.885,,
2023-08-11 13:27:03.887,,
2023-08-11 13:27:03.890,,
2023-08-11 13:27:03.975,,
2023-08-11 13:27:03.977,,
2023-08-11 13:27:03.979,,
2023-08-11 13:27:03.981,,
2023-08-11 13:27:04.061,,
2023-08-11 13:27:04.063,,
2023-08-11 13:27:04.065,,
2023-08-11 13:27:04.067,,
2023-08-11 13:27:04.152,,
2023-08-11 13:27:04.155,,
2023-08-11 13:27:04.158,,
2023-08-11 13:27:04.160,,
2023-08-11 13:27:04.241,,
2023-08-11 13:27:04.244,,
2023-08-11 13:27:04.246,,
2023-08-11 13:27:04.249,,
2023-08-11 13:27:04.330,,
2023-08-11 13:27:04.332,,
2023-08-11 13:27:04.334,,
2023-08-11 13:27:04.337,,
2023-08-11 13:27:04.420,,
2023-08-11 13:27:04.422,,
2023-08-11 13:27:04.424,,
2023-08-11 13:27:04.426,,
2023-08-11 13:27:04.429,,
2023-08-11 13:27:04.498,92.0,
2023-08-11 13:27:04.511,,
2023-08-11 13:27:04.513,,
2023-08-11 13:27:04.516,,
2023-08-11 13:27:04.518,,
2023-08-11 13:27:04.597,,
2023-08-11 13:27:04.599,,
2023-08-11 13:27:04.602,,
2023-08-11 13:27:04.605,,
2023-08-11 13:27:04.687,,
2023-08-11 13:27:04.690,,
2023-08-11 13:27:04.692,,
2023-08-11 13:27:04.694,,
2023-08-11 13:27:04.780,,
2023-08-11 13:27:04.782,,
2023-08-11 13:27:04.784,,
2023-08-11 13:27:04.786,,
2023-08-11 13:27:04.871,,
2023-08-11 13:27:04.874,,
2023-08-11 13:27:04.876,,
2023-08-11 13:27:04.878,,
2023-08-11 13:27:04.961,,
2023-08-11 13:27:04.963,,
2023-08-11 13:27:04.965,,
2023-08-11 13:27:04.967,,
2023-08-11 13:27:05.054,,
2023-08-11 13:27:05.056,,
2023-08-11 13:27:05.059,,
2023-08-11 13:27:05.061,,
2023-08-11 13:27:05.145,,
2023-08-11 13:27:05.147,,
2023-08-11 13:27:05.150,,
2023-08-11 13:27:05.152,,
2023-08-11 13:27:05.244,,
2023-08-11 13:27:05.246,,
2023-08-11 13:27:05.249,,
2023-08-11 13:27:05.251,,
2023-08-11 13:27:05.335,,
2023-08-11 13:27:05.337,,
2023-08-11 13:27:05.340,,
2023-08-11 13:27:05.342,,
2023-08-11 13:27:05.419,,
2023-08-11 13:27:05.422,,
2023-08-11 13:27:05.424,,
2023-08-11 13:27:05.426,,
2023-08-11 13:27:05.489,93.0,
2023-08-11 13:27:05.509,,
2023-08-11 13:27:05.511,,
2023-08-11 13:27:05.513,,
2023-08-11 13:27:05.515,,
2023-08-11 13:27:05.594,,
2023-08-11 13:27:05.596,,
2023-08-11 13:27:05.598,,
2023-08-11 13:27:05.600,,
2023-08-11 13:27:05.685,,
2023-08-11 13:27:05.687,,
2023-08-11 13:27:05.690,,
2023-08-11 13:27:05.692,,
2023-08-11 13:27:05.778,,
2023-08-11 13:27:05.780,,
2023-08-11 13:27:05.783,,
2023-08-11 13:27:05.786,,
2023-08-11 13:27:05.872,,
2023-08-11 13:27:05.874,,
2023-08-11 13:27:05.876,,
2023-08-11 13:27:05.878,,
2023-08-11 13:27:05.954,,
2023-08-11 13:27:05.956,,
2023-08-11 13:27:05.959,,
2023-08-11 13:27:05.961,,
2023-08-11 13:27:06.043,,
2023-08-11 13:27:06.045,,
2023-08-11 13:27:06.048,,
2023-08-11 13:27:06.050,,
2023-08-11 13:27:06.137,,
2023-08-11 13:27:06.140,,
2023-08-11 13:27:06.143,,
2023-08-11 13:27:06.145,,
2023-08-11 13:27:06.229,,
2023-08-11 13:27:06.231,,
2023-08-11 13:27:06.233,,
2023-08-11 13:27:06.235,,
2023-08-11 13:27:06.318,,
2023-08-11 13:27:06.320,,
2023-08-11 13:27:06.322,,
2023-08-11 13:27:06.324,,
2023-08-11 13:27:06.402,,
2023-08-11 13:27:06.404,,
2023-08-11 13:27:06.406,,
2023-08-11 13:27:06.408,,
2023-08-11 13:27:06.478,93.0,
2023-08-11 13:27:06.497,,
2023-08-11 13:27:06.499,,
2023-08-11 13:27:06.501,,
2023-08-11 13:27:06.503,,
2023-08-11 13:27:06.580,,
2023-08-11 13:27:06.583,,
2023-08-11 13:27:06.586,,
2023-08-11 13:27:06.589,,
2023-08-11 13:27:06.669,,
2023-08-11 13:27:06.671,,
2023-08-11 13:27:06.673,,
2023-08-11 13:27:06.675,,
2023-08-11 13:27:06.754,,
2023-08-11 13:27:06.757,,
2023-08-11 13:27:06.759,,
2023-08-11 13:27:06.761,,
2023-08-11 13:27:06.839,,
2023-08-11 13:27:06.841,,
2023-08-11 13:27:06.843,,
2023-08-11 13:27:06.845,,
2023-08-11 13:27:06.925,,
2023-08-11 13:27:06.928,,
2023-08-11 13:27:06.930,,
2023-08-11 13:27:06.932,,
2023-08-11 13:27:07.012,,
2023-08-11 13:27:07.014,,
2023-08-11 13:27:07.016,,
2023-08-11 13:27:07.018,,
2023-08-11 13:27:07.100,,
2023-08-11 13:27:07.102,,
2023-08-11 13:27:07.104,,
2023-08-11 13:27:07.106,,
2023-08-11 13:27:07.197,,
2023-08-11 13:27:07.200,,
2023-08-11 13:27:07.202,,
2023-08-11 13:27:07.204,,
2023-08-11 13:27:07.284,,
2023-08-11 13:27:07.286,,
2023-08-11 13:27:07.288,,
2023-08-11 13:27:07.290,,
2023-08-11 13:27:07.369,,
2023-08-11 13:27:07.371,,
2023-08-11 13:27:07.372,,
2023-08-11 13:27:07.374,,
2023-08-11 13:27:07.378,,
2023-08-11 13:27:07.455,,
2023-08-11 13:27:07.456,,
2023-08-11 13:27:07.458,,
2023-08-11 13:27:07.460,,
2023-08-11 13:27:07.468,94.0,
2023-08-11 13:27:07.542,,
2023-08-11 13:27:07.544,,
2023-08-11 13:27:07.547,,
2023-08-11 13:27:07.549,,
2023-08-11 13:27:07.630,,
2023-08-11 13:27:07.633,,
2023-08-11 13:27:07.636,,
2023-08-11 13:27:07.638,,
2023-08-11 13:27:07.732,,
2023-08-11 13:27:07.735,,
2023-08-11 13:27:07.736,,
2023-08-11 13:27:07.738,,
2023-08-11 13:27:07.820,,
2023-08-11 13:27:07.822,,
2023-08-11 13:27:07.825,,
2023-08-11 13:27:07.827,,
2023-08-11 13:27:07.830,,
2023-08-11 13:27:07.909,,
2023-08-11 13:27:07.911,,
2023-08-11 13:27:07.913,,
2023-08-11 13:27:07.915,,
2023-08-11 13:27:07.993,,
2023-08-11 13:27:07.994,,
2023-08-11 13:27:07.996,,
2023-08-11 13:27:07.998,,
2023-08-11 13:27:08.078,,
2023-08-11 13:27:08.080,,
2023-08-11 13:27:08.082,,
2023-08-11 13:27:08.084,,
2023-08-11 13:27:08.174,,
2023-08-11 13:27:08.176,,
2023-08-11 13:27:08.178,,
2023-08-11 13:27:08.181,,
2023-08-11 13:27:08.262,,
2023-08-11 13:27:08.264,,
2023-08-11 13:27:08.266,,
2023-08-11 13:27:08.268,,
2023-08-11 13:27:08.355,,
2023-08-11 13:27:08.357,,
2023-08-11 13:27:08.359,,
2023-08-11 13:27:08.361,,
2023-08-11 13:27:08.437,,
2023-08-11 13:27:08.439,,
2023-08-11 13:27:08.441,,
2023-08-11 13:27:08.443,,
2023-08-11 13:27:08.458,94.0,
2023-08-11 13:27:08.531,,
2023-08-11 13:27:08.533,,
2023-08-11 13:27:08.535,,
2023-08-11 13:27:08.537,,
2023-08-11 13:27:08.621,,
2023-08-11 13:27:08.623,,
2023-08-11 13:27:08.625,,
2023-08-11 13:27:08.626,,
2023-08-11 13:27:08.718,,
2023-08-11 13:27:08.720,,
2023-08-11 13:27:08.722,,
2023-08-11 13:27:08.725,,
2023-08-11 13:27:08.801,,
2023-08-11 13:27:08.803,,
2023-08-11 13:27:08.805,,
2023-08-11 13:27:08.807,,
2023-08-11 13:27:08.887,,
2023-08-11 13:27:08.889,,
2023-08-11 13:27:08.891,,
2023-08-11 13:27:08.893,,
2023-08-11 13:27:08.970,,
2023-08-11 13:27:08.972,,
