Timestamp,Heart_rate,Feedback
2023-08-14 13:18:53.996,72.0,
2023-08-14 13:18:54.985,71.0,
2023-08-14 13:18:56.021,70.0,
2023-08-14 13:18:57.010,70.0,
2023-08-14 13:19:03.986,69.0,
2023-08-14 13:19:05.020,68.0,
2023-08-14 13:19:06.010,68.0,
2023-08-14 13:19:07.000,68.0,
2023-08-14 13:19:07.991,68.0,
2023-08-14 13:19:09.295,68.0,
2023-08-14 13:19:10.285,67.0,
2023-08-14 13:19:11.275,67.0,
2023-08-14 13:19:12.266,67.0,
2023-08-14 13:19:13.255,67.0,
2023-08-14 13:19:14.246,67.0,
2023-08-14 13:19:15.236,68.0,
2023-08-14 13:19:16.226,68.0,
2023-08-14 13:19:17.216,69.0,
2023-08-14 13:19:18.206,69.0,
2023-08-14 13:19:19.195,69.0,
2023-08-14 13:19:20.186,70.0,
2023-08-14 13:19:21.175,70.0,
2023-08-14 13:19:22.165,70.0,
2023-08-14 13:19:23.156,70.0,
2023-08-14 13:19:24.145,70.0,
2023-08-14 13:19:25.136,70.0,
2023-08-14 13:19:26.126,70.0,
2023-08-14 13:19:27.611,70.0,
2023-08-14 13:19:28.106,70.0,
2023-08-14 13:19:29.096,69.0,
2023-08-14 13:19:30.085,69.0,
2023-08-14 13:19:31.076,69.0,
2023-08-14 13:19:32.065,69.0,
2023-08-14 13:19:33.055,68.0,
2023-08-14 13:19:34.046,68.0,
2023-08-14 13:19:35.035,68.0,
2023-08-14 13:19:36.025,67.0,
2023-08-14 13:19:37.015,67.0,
2023-08-14 13:19:38.005,67.0,
2023-08-14 13:19:38.995,67.0,
2023-08-14 13:19:39.985,67.0,
2023-08-14 13:19:41.470,68.0,
2023-08-14 13:19:42.460,68.0,
2023-08-14 13:19:43.451,68.0,
2023-08-14 13:19:44.440,69.0,
2023-08-14 13:19:45.430,69.0,
2023-08-14 13:19:46.420,70.0,
2023-08-14 13:19:47.410,71.0,
2023-08-14 13:19:48.401,72.0,
2023-08-14 13:19:49.391,74.0,
2023-08-14 13:19:50.380,75.0,
2023-08-14 13:19:51.371,75.0,
2023-08-14 13:19:52.360,76.0,
2023-08-14 13:19:53.846,75.0,
2023-08-14 13:19:54.340,75.0,
2023-08-14 13:19:55.330,74.0,
2023-08-14 13:19:56.320,74.0,
2023-08-14 13:19:57.311,73.0,
2023-08-14 13:19:58.300,72.0,
2023-08-14 13:19:59.291,72.0,
2023-08-14 13:20:00.280,71.0,
2023-08-14 13:20:01.271,71.0,
2023-08-14 13:20:02.260,70.0,
2023-08-14 13:20:03.251,70.0,
2023-08-14 13:20:04.241,69.0,
2023-08-14 13:20:05.231,68.0,
2023-08-14 13:20:06.221,68.0,
2023-08-14 13:20:07.211,68.0,
2023-08-14 13:20:08.200,68.0,
2023-08-14 13:20:09.191,69.0,
2023-08-14 13:20:10.180,69.0,
2023-08-14 13:20:11.171,70.0,
2023-08-14 13:20:12.161,70.0,
2023-08-14 13:20:13.151,71.0,
2023-08-14 13:20:14.141,72.0,
2023-08-14 13:20:15.131,72.0,
2023-08-14 13:20:16.121,73.0,
2023-08-14 13:20:17.111,73.0,
2023-08-14 13:20:18.101,72.0,
2023-08-14 13:20:19.091,71.0,
2023-08-14 13:20:20.576,70.0,
2023-08-14 13:20:21.071,70.0,
2023-08-14 13:20:22.061,69.0,
2023-08-14 13:20:23.051,69.0,
2023-08-14 13:20:24.041,69.0,
2023-08-14 13:20:25.526,69.0,
2023-08-14 13:20:26.022,70.0,
2023-08-14 13:20:27.011,70.0,
2023-08-14 13:20:28.000,71.0,
2023-08-14 13:20:28.991,71.0,
2023-08-14 13:20:29.981,72.0,
2023-08-14 13:20:31.466,71.0,
2023-08-14 13:20:32.455,71.0,
2023-08-14 13:20:33.446,70.0,
2023-08-14 13:20:34.436,69.0,
2023-08-14 13:20:35.426,69.0,
2023-08-14 13:20:36.416,69.0,
2023-08-14 13:20:37.406,70.0,
2023-08-14 13:20:38.396,70.0,
2023-08-14 13:20:39.386,71.0,
2023-08-14 13:20:40.376,71.0,
2023-08-14 13:20:41.366,71.0,
2023-08-14 13:20:42.356,71.0,
2023-08-14 13:20:43.346,71.0,
2023-08-14 13:20:44.336,71.0,
2023-08-14 13:20:45.326,71.0,
2023-08-14 13:20:46.316,70.0,
2023-08-14 13:20:47.306,70.0,
2023-08-14 13:20:48.296,69.0,
2023-08-14 13:20:49.286,69.0,
2023-08-14 13:20:50.276,68.0,
2023-08-14 13:20:51.266,68.0,
2023-08-14 13:20:52.256,68.0,
2023-08-14 13:20:53.246,68.0,
2023-08-14 13:20:54.236,67.0,
2023-08-14 13:20:55.227,67.0,
2023-08-14 13:20:56.216,67.0,
2023-08-14 13:20:57.206,67.0,
2023-08-14 13:20:58.196,67.0,
2023-08-14 13:20:59.186,67.0,
2023-08-14 13:21:00.176,66.0,
2023-08-14 13:21:01.166,67.0,
2023-08-14 13:21:02.156,67.0,
2023-08-14 13:21:03.147,67.0,
2023-08-14 13:21:04.136,67.0,
2023-08-14 13:21:05.126,67.0,
2023-08-14 13:21:06.116,67.0,
2023-08-14 13:21:07.106,67.0,
2023-08-14 13:21:08.096,66.0,
2023-08-14 13:21:09.086,67.0,
2023-08-14 13:21:10.076,67.0,
2023-08-14 13:21:11.066,67.0,
2023-08-14 13:21:12.056,68.0,
2023-08-14 13:21:13.046,68.0,
2023-08-14 13:21:14.037,69.0,
2023-08-14 13:21:15.026,69.0,
2023-08-14 13:21:16.016,69.0,
2023-08-14 13:21:17.006,69.0,
2023-08-14 13:21:17.997,69.0,
2023-08-14 13:21:18.986,69.0,
2023-08-14 13:21:20.472,69.0,
2023-08-14 13:21:21.461,69.0,
2023-08-14 13:21:22.451,69.0,
2023-08-14 13:21:23.441,69.0,
2023-08-14 13:21:24.432,69.0,
2023-08-14 13:21:25.422,69.0,
2023-08-14 13:21:26.411,69.0,
2023-08-14 13:21:27.401,69.0,
2023-08-14 13:21:28.392,69.0,
2023-08-14 13:21:29.381,68.0,
2023-08-14 13:21:30.371,68.0,
2023-08-14 13:21:31.361,68.0,
2023-08-14 13:21:32.352,68.0,
2023-08-14 13:21:33.341,68.0,
2023-08-14 13:21:34.331,68.0,
2023-08-14 13:21:35.321,68.0,
2023-08-14 13:21:36.311,68.0,
2023-08-14 13:21:36.723,68.0,Start
2023-08-14 13:21:36.790,,
2023-08-14 13:21:36.792,,
2023-08-14 13:21:36.794,,
2023-08-14 13:21:36.796,,
2023-08-14 13:21:36.871,,
2023-08-14 13:21:36.873,,
2023-08-14 13:21:36.875,,
2023-08-14 13:21:36.876,,
2023-08-14 13:21:36.948,,
2023-08-14 13:21:36.950,,
2023-08-14 13:21:36.952,,
2023-08-14 13:21:36.954,,
2023-08-14 13:21:37.024,,
2023-08-14 13:21:37.026,,
2023-08-14 13:21:37.028,,
2023-08-14 13:21:37.030,,
2023-08-14 13:21:37.101,,
2023-08-14 13:21:37.103,,
2023-08-14 13:21:37.105,,
2023-08-14 13:21:37.107,,
2023-08-14 13:21:37.178,,
2023-08-14 13:21:37.179,,
2023-08-14 13:21:37.181,,
2023-08-14 13:21:37.183,,
2023-08-14 13:21:37.255,,
2023-08-14 13:21:37.257,,
2023-08-14 13:21:37.259,,
2023-08-14 13:21:37.261,,
2023-08-14 13:21:37.301,69.0,
2023-08-14 13:21:37.336,,
2023-08-14 13:21:37.338,,
2023-08-14 13:21:37.340,,
2023-08-14 13:21:37.342,,
2023-08-14 13:21:37.414,,
2023-08-14 13:21:37.416,,
2023-08-14 13:21:37.419,,
2023-08-14 13:21:37.421,,
2023-08-14 13:21:37.493,,
2023-08-14 13:21:37.495,,
2023-08-14 13:21:37.497,,
2023-08-14 13:21:37.498,,
2023-08-14 13:21:37.565,,
2023-08-14 13:21:37.566,,
2023-08-14 13:21:37.568,,
2023-08-14 13:21:37.571,,
2023-08-14 13:21:37.641,,
2023-08-14 13:21:37.643,,
2023-08-14 13:21:37.645,,
2023-08-14 13:21:37.647,,
2023-08-14 13:21:37.717,,
2023-08-14 13:21:37.719,,
2023-08-14 13:21:37.721,,
2023-08-14 13:21:37.722,,
2023-08-14 13:21:37.793,,
2023-08-14 13:21:37.795,,
2023-08-14 13:21:37.797,,
2023-08-14 13:21:37.799,,
2023-08-14 13:21:37.871,,
2023-08-14 13:21:37.873,,
2023-08-14 13:21:37.875,,
2023-08-14 13:21:37.877,,
2023-08-14 13:21:37.945,,
2023-08-14 13:21:37.948,,
2023-08-14 13:21:37.950,,
2023-08-14 13:21:37.952,,
2023-08-14 13:21:38.021,,
2023-08-14 13:21:38.023,,
2023-08-14 13:21:38.026,,
2023-08-14 13:21:38.027,,
2023-08-14 13:21:38.099,,
2023-08-14 13:21:38.101,,
2023-08-14 13:21:38.103,,
2023-08-14 13:21:38.105,,
2023-08-14 13:21:38.172,,
2023-08-14 13:21:38.175,,
2023-08-14 13:21:38.177,,
2023-08-14 13:21:38.179,,
2023-08-14 13:21:38.252,,
2023-08-14 13:21:38.254,,
2023-08-14 13:21:38.256,,
2023-08-14 13:21:38.258,,
2023-08-14 13:21:38.291,69.0,
2023-08-14 13:21:38.336,,
2023-08-14 13:21:38.338,,
2023-08-14 13:21:38.340,,
2023-08-14 13:21:38.343,,
2023-08-14 13:21:38.417,,
2023-08-14 13:21:38.419,,
2023-08-14 13:21:38.420,,
2023-08-14 13:21:38.422,,
2023-08-14 13:21:38.490,,
2023-08-14 13:21:38.492,,
2023-08-14 13:21:38.493,,
2023-08-14 13:21:38.495,,
2023-08-14 13:21:38.568,,
2023-08-14 13:21:38.570,,
2023-08-14 13:21:38.572,,
2023-08-14 13:21:38.573,,
2023-08-14 13:21:38.645,,
2023-08-14 13:21:38.647,,
2023-08-14 13:21:38.649,,
2023-08-14 13:21:38.650,,
2023-08-14 13:21:38.730,,
2023-08-14 13:21:38.732,,
2023-08-14 13:21:38.734,,
2023-08-14 13:21:38.735,,
2023-08-14 13:21:38.807,,
2023-08-14 13:21:38.809,,
2023-08-14 13:21:38.810,,
2023-08-14 13:21:38.812,,
2023-08-14 13:21:38.881,,
2023-08-14 13:21:38.883,,
2023-08-14 13:21:38.885,,
2023-08-14 13:21:38.887,,
2023-08-14 13:21:38.955,,
2023-08-14 13:21:38.957,,
2023-08-14 13:21:38.959,,
2023-08-14 13:21:38.961,,
2023-08-14 13:21:39.031,,
2023-08-14 13:21:39.033,,
2023-08-14 13:21:39.035,,
2023-08-14 13:21:39.037,,
2023-08-14 13:21:39.108,,
2023-08-14 13:21:39.110,,
2023-08-14 13:21:39.111,,
2023-08-14 13:21:39.113,,
2023-08-14 13:21:39.182,,
2023-08-14 13:21:39.184,,
2023-08-14 13:21:39.186,,
2023-08-14 13:21:39.188,,
2023-08-14 13:21:39.261,,
2023-08-14 13:21:39.263,,
2023-08-14 13:21:39.264,,
2023-08-14 13:21:39.266,,
2023-08-14 13:21:39.282,69.0,
2023-08-14 13:21:39.336,,
2023-08-14 13:21:39.339,,
2023-08-14 13:21:39.341,,
2023-08-14 13:21:39.343,,
2023-08-14 13:21:39.416,,
2023-08-14 13:21:39.418,,
2023-08-14 13:21:39.420,,
2023-08-14 13:21:39.422,,
2023-08-14 13:21:39.491,,
2023-08-14 13:21:39.493,,
2023-08-14 13:21:39.495,,
2023-08-14 13:21:39.496,,
2023-08-14 13:21:39.499,,
2023-08-14 13:21:39.572,,
2023-08-14 13:21:39.573,,
2023-08-14 13:21:39.575,,
2023-08-14 13:21:39.577,,
2023-08-14 13:21:39.646,,
2023-08-14 13:21:39.648,,
2023-08-14 13:21:39.650,,
2023-08-14 13:21:39.652,,
2023-08-14 13:21:39.722,,
2023-08-14 13:21:39.724,,
2023-08-14 13:21:39.726,,
2023-08-14 13:21:39.728,,
2023-08-14 13:21:39.797,,
2023-08-14 13:21:39.798,,
2023-08-14 13:21:39.800,,
2023-08-14 13:21:39.802,,
2023-08-14 13:21:39.872,,
2023-08-14 13:21:39.874,,
2023-08-14 13:21:39.876,,
2023-08-14 13:21:39.877,,
2023-08-14 13:21:39.950,,
2023-08-14 13:21:39.952,,
2023-08-14 13:21:39.953,,
2023-08-14 13:21:39.955,,
2023-08-14 13:21:39.973,69.0,You are doing great! Now you can speed up your movement to achieve better training effect
2023-08-14 13:21:40.026,,
2023-08-14 13:21:40.028,,
2023-08-14 13:21:40.030,,
2023-08-14 13:21:40.033,,
2023-08-14 13:21:40.103,,
2023-08-14 13:21:40.105,,
2023-08-14 13:21:40.107,,
2023-08-14 13:21:40.108,,
2023-08-14 13:21:40.178,,
2023-08-14 13:21:40.180,,
2023-08-14 13:21:40.181,,
2023-08-14 13:21:40.183,,
2023-08-14 13:21:40.254,,
2023-08-14 13:21:40.256,,
2023-08-14 13:21:40.258,,
2023-08-14 13:21:40.259,,
2023-08-14 13:21:40.271,69.0,
2023-08-14 13:21:40.329,,
2023-08-14 13:21:40.331,,
2023-08-14 13:21:40.333,,
2023-08-14 13:21:40.335,,
2023-08-14 13:21:40.408,,
2023-08-14 13:21:40.410,,
2023-08-14 13:21:40.412,,
2023-08-14 13:21:40.415,,
2023-08-14 13:21:40.488,,
2023-08-14 13:21:40.489,,
2023-08-14 13:21:40.491,,
2023-08-14 13:21:40.493,,
2023-08-14 13:21:40.567,,
2023-08-14 13:21:40.569,,
2023-08-14 13:21:40.570,,
2023-08-14 13:21:40.572,,
2023-08-14 13:21:40.654,,
2023-08-14 13:21:40.656,,
2023-08-14 13:21:40.658,,
2023-08-14 13:21:40.660,,
2023-08-14 13:21:40.733,,
2023-08-14 13:21:40.735,,
2023-08-14 13:21:40.737,,
2023-08-14 13:21:40.739,,
2023-08-14 13:21:40.814,,
2023-08-14 13:21:40.816,,
2023-08-14 13:21:40.818,,
2023-08-14 13:21:40.820,,
2023-08-14 13:21:40.901,,
2023-08-14 13:21:40.903,,
2023-08-14 13:21:40.905,,
2023-08-14 13:21:40.908,,
2023-08-14 13:21:40.986,,
2023-08-14 13:21:40.987,,
2023-08-14 13:21:40.989,,
2023-08-14 13:21:40.991,,
2023-08-14 13:21:41.062,,
2023-08-14 13:21:41.064,,
2023-08-14 13:21:41.066,,
2023-08-14 13:21:41.068,,
2023-08-14 13:21:41.143,,
2023-08-14 13:21:41.145,,
2023-08-14 13:21:41.147,,
2023-08-14 13:21:41.149,,
2023-08-14 13:21:41.220,,
2023-08-14 13:21:41.222,,
2023-08-14 13:21:41.225,,
2023-08-14 13:21:41.227,,
2023-08-14 13:21:41.261,69.0,
2023-08-14 13:21:41.301,,
2023-08-14 13:21:41.303,,
2023-08-14 13:21:41.305,,
2023-08-14 13:21:41.307,,
2023-08-14 13:21:41.377,,
2023-08-14 13:21:41.379,,
2023-08-14 13:21:41.381,,
2023-08-14 13:21:41.382,,
2023-08-14 13:21:41.451,,
2023-08-14 13:21:41.453,,
2023-08-14 13:21:41.454,,
2023-08-14 13:21:41.456,,
2023-08-14 13:21:41.527,,
2023-08-14 13:21:41.529,,
2023-08-14 13:21:41.530,,
2023-08-14 13:21:41.532,,
2023-08-14 13:21:41.603,,
2023-08-14 13:21:41.605,,
2023-08-14 13:21:41.607,,
2023-08-14 13:21:41.609,,
2023-08-14 13:21:41.613,,
2023-08-14 13:21:41.680,,
2023-08-14 13:21:41.682,,
2023-08-14 13:21:41.684,,
2023-08-14 13:21:41.686,,
2023-08-14 13:21:41.757,,
2023-08-14 13:21:41.759,,
2023-08-14 13:21:41.760,,
2023-08-14 13:21:41.762,,
2023-08-14 13:21:41.831,,
2023-08-14 13:21:41.833,,
2023-08-14 13:21:41.835,,
2023-08-14 13:21:41.836,,
2023-08-14 13:21:41.903,,
2023-08-14 13:21:41.905,,
2023-08-14 13:21:41.907,,
2023-08-14 13:21:41.908,,
2023-08-14 13:21:41.979,,
2023-08-14 13:21:41.981,,
2023-08-14 13:21:41.983,,
2023-08-14 13:21:41.985,,
2023-08-14 13:21:42.059,,
2023-08-14 13:21:42.061,,
2023-08-14 13:21:42.063,,
2023-08-14 13:21:42.066,,
2023-08-14 13:21:42.145,,
2023-08-14 13:21:42.147,,
2023-08-14 13:21:42.148,,
2023-08-14 13:21:42.150,,
2023-08-14 13:21:42.224,,
2023-08-14 13:21:42.226,,
2023-08-14 13:21:42.227,,
2023-08-14 13:21:42.229,,
2023-08-14 13:21:42.251,69.0,
2023-08-14 13:21:42.300,,
2023-08-14 13:21:42.302,,
2023-08-14 13:21:42.304,,
2023-08-14 13:21:42.305,,
2023-08-14 13:21:42.375,,
2023-08-14 13:21:42.376,,
2023-08-14 13:21:42.378,,
2023-08-14 13:21:42.380,,
2023-08-14 13:21:42.450,,
2023-08-14 13:21:42.452,,
2023-08-14 13:21:42.453,,
2023-08-14 13:21:42.455,,
2023-08-14 13:21:42.528,,
2023-08-14 13:21:42.530,,
2023-08-14 13:21:42.532,,
2023-08-14 13:21:42.533,,
2023-08-14 13:21:42.605,,
2023-08-14 13:21:42.607,,
2023-08-14 13:21:42.609,,
2023-08-14 13:21:42.610,,
2023-08-14 13:21:42.681,,
2023-08-14 13:21:42.683,,
2023-08-14 13:21:42.685,,
2023-08-14 13:21:42.686,,
2023-08-14 13:21:42.753,,
2023-08-14 13:21:42.755,,
2023-08-14 13:21:42.757,,
2023-08-14 13:21:42.759,,
2023-08-14 13:21:42.827,,
2023-08-14 13:21:42.829,,
2023-08-14 13:21:42.831,,
2023-08-14 13:21:42.833,,
2023-08-14 13:21:42.909,,
2023-08-14 13:21:42.910,,
2023-08-14 13:21:42.912,,
2023-08-14 13:21:42.913,,
2023-08-14 13:21:42.981,,
2023-08-14 13:21:42.983,,
2023-08-14 13:21:42.985,,
2023-08-14 13:21:42.987,,
2023-08-14 13:21:43.063,,
2023-08-14 13:21:43.065,,
2023-08-14 13:21:43.066,,
2023-08-14 13:21:43.068,,
2023-08-14 13:21:43.140,,
2023-08-14 13:21:43.142,,
2023-08-14 13:21:43.144,,
2023-08-14 13:21:43.145,,
2023-08-14 13:21:43.223,,
2023-08-14 13:21:43.225,,
2023-08-14 13:21:43.227,,
2023-08-14 13:21:43.229,,
2023-08-14 13:21:43.242,69.0,
2023-08-14 13:21:43.299,,
2023-08-14 13:21:43.301,,
2023-08-14 13:21:43.303,,
2023-08-14 13:21:43.306,,
2023-08-14 13:21:43.376,,
2023-08-14 13:21:43.377,,
2023-08-14 13:21:43.379,,
2023-08-14 13:21:43.380,,
2023-08-14 13:21:43.449,,
2023-08-14 13:21:43.450,,
2023-08-14 13:21:43.452,,
2023-08-14 13:21:43.454,,
2023-08-14 13:21:43.522,,
2023-08-14 13:21:43.524,,
2023-08-14 13:21:43.525,,
2023-08-14 13:21:43.527,,
2023-08-14 13:21:43.599,,
2023-08-14 13:21:43.601,,
2023-08-14 13:21:43.603,,
2023-08-14 13:21:43.605,,
2023-08-14 13:21:43.678,,
2023-08-14 13:21:43.679,,
2023-08-14 13:21:43.681,,
2023-08-14 13:21:43.683,,
2023-08-14 13:21:43.753,,
2023-08-14 13:21:43.755,,
2023-08-14 13:21:43.756,,
2023-08-14 13:21:43.758,,
2023-08-14 13:21:43.828,,
2023-08-14 13:21:43.830,,
2023-08-14 13:21:43.832,,
2023-08-14 13:21:43.834,,
2023-08-14 13:21:43.910,,
2023-08-14 13:21:43.912,,
2023-08-14 13:21:43.914,,
2023-08-14 13:21:43.917,,
2023-08-14 13:21:43.991,,
2023-08-14 13:21:43.993,,
2023-08-14 13:21:43.994,,
2023-08-14 13:21:43.996,,
2023-08-14 13:21:44.067,,
2023-08-14 13:21:44.069,,
2023-08-14 13:21:44.071,,
2023-08-14 13:21:44.073,,
2023-08-14 13:21:44.142,,
2023-08-14 13:21:44.144,,
2023-08-14 13:21:44.145,,
2023-08-14 13:21:44.148,,
2023-08-14 13:21:44.151,,
2023-08-14 13:21:44.221,,
2023-08-14 13:21:44.223,,
2023-08-14 13:21:44.225,,
2023-08-14 13:21:44.227,,
2023-08-14 13:21:44.232,69.0,
2023-08-14 13:21:44.301,,
2023-08-14 13:21:44.302,,
2023-08-14 13:21:44.304,,
2023-08-14 13:21:44.305,,
2023-08-14 13:21:44.378,,
2023-08-14 13:21:44.380,,
2023-08-14 13:21:44.381,,
2023-08-14 13:21:44.383,,
2023-08-14 13:21:44.458,,
2023-08-14 13:21:44.460,,
2023-08-14 13:21:44.462,,
2023-08-14 13:21:44.463,,
2023-08-14 13:21:44.534,,
2023-08-14 13:21:44.535,,
2023-08-14 13:21:44.538,,
2023-08-14 13:21:44.540,,
2023-08-14 13:21:44.609,,
2023-08-14 13:21:44.611,,
2023-08-14 13:21:44.612,,
2023-08-14 13:21:44.614,,
2023-08-14 13:21:44.686,,
2023-08-14 13:21:44.689,,
2023-08-14 13:21:44.691,,
2023-08-14 13:21:44.693,,
2023-08-14 13:21:44.696,,
2023-08-14 13:21:44.768,,
2023-08-14 13:21:44.770,,
2023-08-14 13:21:44.772,,
2023-08-14 13:21:44.774,,
2023-08-14 13:21:44.846,,
2023-08-14 13:21:44.848,,
2023-08-14 13:21:44.850,,
2023-08-14 13:21:44.852,,
2023-08-14 13:21:44.922,,
2023-08-14 13:21:44.924,,
2023-08-14 13:21:44.926,,
2023-08-14 13:21:44.927,,
2023-08-14 13:21:44.998,,
2023-08-14 13:21:44.999,,
2023-08-14 13:21:45.001,,
2023-08-14 13:21:45.004,,
2023-08-14 13:21:45.083,,
2023-08-14 13:21:45.084,,
2023-08-14 13:21:45.086,,
2023-08-14 13:21:45.088,,
2023-08-14 13:21:45.158,,
2023-08-14 13:21:45.160,,
2023-08-14 13:21:45.161,,
2023-08-14 13:21:45.163,,
2023-08-14 13:21:45.221,68.0,
2023-08-14 13:21:45.235,,
2023-08-14 13:21:45.237,,
2023-08-14 13:21:45.239,,
2023-08-14 13:21:45.241,,
2023-08-14 13:21:45.314,,
2023-08-14 13:21:45.316,,
2023-08-14 13:21:45.317,,
2023-08-14 13:21:45.319,,
2023-08-14 13:21:45.397,,
2023-08-14 13:21:45.399,,
2023-08-14 13:21:45.401,,
2023-08-14 13:21:45.403,,
2023-08-14 13:21:45.475,,
2023-08-14 13:21:45.477,,
2023-08-14 13:21:45.478,,
2023-08-14 13:21:45.480,,
2023-08-14 13:21:45.549,,
2023-08-14 13:21:45.550,,
2023-08-14 13:21:45.552,,
2023-08-14 13:21:45.553,,
2023-08-14 13:21:45.623,,
2023-08-14 13:21:45.625,,
2023-08-14 13:21:45.627,,
2023-08-14 13:21:45.629,,
2023-08-14 13:21:45.699,,
2023-08-14 13:21:45.701,,
2023-08-14 13:21:45.702,,
2023-08-14 13:21:45.704,,
2023-08-14 13:21:45.773,,
2023-08-14 13:21:45.775,,
2023-08-14 13:21:45.777,,
2023-08-14 13:21:45.778,,
2023-08-14 13:21:45.854,,
2023-08-14 13:21:45.856,,
2023-08-14 13:21:45.858,,
2023-08-14 13:21:45.860,,
2023-08-14 13:21:45.934,,
2023-08-14 13:21:45.937,,
2023-08-14 13:21:45.939,,
2023-08-14 13:21:45.941,,
2023-08-14 13:21:46.016,,
2023-08-14 13:21:46.018,,
2023-08-14 13:21:46.020,,
2023-08-14 13:21:46.021,,
2023-08-14 13:21:46.093,,
2023-08-14 13:21:46.094,,
2023-08-14 13:21:46.096,,
2023-08-14 13:21:46.097,,
2023-08-14 13:21:46.166,,
2023-08-14 13:21:46.168,,
2023-08-14 13:21:46.170,,
2023-08-14 13:21:46.172,,
2023-08-14 13:21:46.212,67.0,
2023-08-14 13:21:46.244,,
2023-08-14 13:21:46.245,,
2023-08-14 13:21:46.247,,
2023-08-14 13:21:46.249,,
2023-08-14 13:21:46.323,,
2023-08-14 13:21:46.325,,
2023-08-14 13:21:46.327,,
2023-08-14 13:21:46.328,,
2023-08-14 13:21:46.400,,
2023-08-14 13:21:46.402,,
2023-08-14 13:21:46.405,,
2023-08-14 13:21:46.407,,
2023-08-14 13:21:46.480,,
2023-08-14 13:21:46.481,,
2023-08-14 13:21:46.483,,
2023-08-14 13:21:46.485,,
2023-08-14 13:21:46.558,,
2023-08-14 13:21:46.560,,
2023-08-14 13:21:46.561,,
2023-08-14 13:21:46.563,,
2023-08-14 13:21:46.635,,
2023-08-14 13:21:46.637,,
2023-08-14 13:21:46.638,,
2023-08-14 13:21:46.640,,
2023-08-14 13:21:46.715,,
2023-08-14 13:21:46.717,,
2023-08-14 13:21:46.718,,
2023-08-14 13:21:46.720,,
2023-08-14 13:21:46.725,,Well done! You are doing the right movement!
2023-08-14 13:21:46.793,,
2023-08-14 13:21:46.795,,
2023-08-14 13:21:46.797,,
2023-08-14 13:21:46.799,,
2023-08-14 13:21:46.874,,
2023-08-14 13:21:46.876,,
2023-08-14 13:21:46.877,,
2023-08-14 13:21:46.879,,
2023-08-14 13:21:46.953,,
2023-08-14 13:21:46.954,,
2023-08-14 13:21:46.956,,
2023-08-14 13:21:46.957,,
2023-08-14 13:21:47.031,,
2023-08-14 13:21:47.033,,
2023-08-14 13:21:47.035,,
2023-08-14 13:21:47.036,,
2023-08-14 13:21:47.113,,
2023-08-14 13:21:47.115,,
2023-08-14 13:21:47.117,,
2023-08-14 13:21:47.118,,
2023-08-14 13:21:47.188,,
2023-08-14 13:21:47.190,,
2023-08-14 13:21:47.191,,
2023-08-14 13:21:47.193,,
2023-08-14 13:21:47.202,67.0,
2023-08-14 13:21:47.263,,
2023-08-14 13:21:47.265,,
2023-08-14 13:21:47.267,,
2023-08-14 13:21:47.269,,
2023-08-14 13:21:47.339,,
2023-08-14 13:21:47.341,,
2023-08-14 13:21:47.343,,
2023-08-14 13:21:47.345,,
2023-08-14 13:21:47.412,,
2023-08-14 13:21:47.414,,
2023-08-14 13:21:47.416,,
2023-08-14 13:21:47.418,,
2023-08-14 13:21:47.488,,
2023-08-14 13:21:47.490,,
2023-08-14 13:21:47.492,,
2023-08-14 13:21:47.494,,
2023-08-14 13:21:47.562,,
2023-08-14 13:21:47.564,,
2023-08-14 13:21:47.566,,
2023-08-14 13:21:47.568,,
2023-08-14 13:21:47.644,,
2023-08-14 13:21:47.646,,
2023-08-14 13:21:47.648,,
2023-08-14 13:21:47.650,,
2023-08-14 13:21:47.722,,
2023-08-14 13:21:47.723,,
2023-08-14 13:21:47.725,,
2023-08-14 13:21:47.727,,
2023-08-14 13:21:47.731,,
2023-08-14 13:21:47.806,,
2023-08-14 13:21:47.808,,
2023-08-14 13:21:47.810,,
2023-08-14 13:21:47.812,,
2023-08-14 13:21:47.879,,
2023-08-14 13:21:47.881,,
2023-08-14 13:21:47.883,,
2023-08-14 13:21:47.885,,
2023-08-14 13:21:47.956,,
2023-08-14 13:21:47.958,,
2023-08-14 13:21:47.960,,
2023-08-14 13:21:47.961,,
2023-08-14 13:21:48.030,,
2023-08-14 13:21:48.032,,
2023-08-14 13:21:48.033,,
2023-08-14 13:21:48.035,,
2023-08-14 13:21:48.109,,
2023-08-14 13:21:48.111,,
2023-08-14 13:21:48.113,,
2023-08-14 13:21:48.115,,
2023-08-14 13:21:48.185,,
2023-08-14 13:21:48.187,,
2023-08-14 13:21:48.189,,
2023-08-14 13:21:48.191,,
2023-08-14 13:21:48.191,67.0,
2023-08-14 13:21:48.266,,
2023-08-14 13:21:48.268,,
2023-08-14 13:21:48.270,,
2023-08-14 13:21:48.272,,
2023-08-14 13:21:48.342,,
2023-08-14 13:21:48.344,,
2023-08-14 13:21:48.346,,
2023-08-14 13:21:48.348,,
2023-08-14 13:21:48.420,,
2023-08-14 13:21:48.422,,
2023-08-14 13:21:48.424,,
2023-08-14 13:21:48.426,,
2023-08-14 13:21:48.497,,
2023-08-14 13:21:48.499,,
2023-08-14 13:21:48.501,,
2023-08-14 13:21:48.503,,
2023-08-14 13:21:48.580,,
2023-08-14 13:21:48.582,,
2023-08-14 13:21:48.584,,
2023-08-14 13:21:48.586,,
2023-08-14 13:21:48.663,,
2023-08-14 13:21:48.665,,
2023-08-14 13:21:48.667,,
2023-08-14 13:21:48.669,,
2023-08-14 13:21:48.739,,
2023-08-14 13:21:48.741,,
2023-08-14 13:21:48.743,,
2023-08-14 13:21:48.745,,
2023-08-14 13:21:48.816,,
2023-08-14 13:21:48.817,,
2023-08-14 13:21:48.820,,
2023-08-14 13:21:48.822,,
2023-08-14 13:21:48.894,,
2023-08-14 13:21:48.897,,
2023-08-14 13:21:48.899,,
2023-08-14 13:21:48.901,,
2023-08-14 13:21:48.977,,
2023-08-14 13:21:48.979,,
2023-08-14 13:21:48.982,,
2023-08-14 13:21:48.984,,
2023-08-14 13:21:49.055,,
2023-08-14 13:21:49.057,,
2023-08-14 13:21:49.059,,
2023-08-14 13:21:49.061,,
2023-08-14 13:21:49.138,,
2023-08-14 13:21:49.140,,
2023-08-14 13:21:49.143,,
2023-08-14 13:21:49.145,,
2023-08-14 13:21:49.181,67.0,
2023-08-14 13:21:49.220,,
2023-08-14 13:21:49.222,,
2023-08-14 13:21:49.224,,
2023-08-14 13:21:49.226,,
2023-08-14 13:21:49.301,,
2023-08-14 13:21:49.303,,
2023-08-14 13:21:49.305,,
2023-08-14 13:21:49.308,,
2023-08-14 13:21:49.378,,
2023-08-14 13:21:49.379,,
2023-08-14 13:21:49.381,,
2023-08-14 13:21:49.383,,
2023-08-14 13:21:49.452,,
2023-08-14 13:21:49.454,,
2023-08-14 13:21:49.455,,
2023-08-14 13:21:49.457,,
2023-08-14 13:21:49.524,,
2023-08-14 13:21:49.526,,
2023-08-14 13:21:49.528,,
2023-08-14 13:21:49.530,,
2023-08-14 13:21:49.600,,
2023-08-14 13:21:49.602,,
2023-08-14 13:21:49.604,,
2023-08-14 13:21:49.606,,
2023-08-14 13:21:49.681,,
2023-08-14 13:21:49.683,,
2023-08-14 13:21:49.684,,
2023-08-14 13:21:49.686,,
2023-08-14 13:21:49.755,,
2023-08-14 13:21:49.757,,
2023-08-14 13:21:49.759,,
2023-08-14 13:21:49.761,,
2023-08-14 13:21:49.837,,
2023-08-14 13:21:49.839,,
2023-08-14 13:21:49.841,,
2023-08-14 13:21:49.843,,
2023-08-14 13:21:49.918,,
2023-08-14 13:21:49.920,,
2023-08-14 13:21:49.922,,
2023-08-14 13:21:49.924,,
2023-08-14 13:21:50.001,,
2023-08-14 13:21:50.003,,
2023-08-14 13:21:50.004,,
2023-08-14 13:21:50.007,,
2023-08-14 13:21:50.081,,
2023-08-14 13:21:50.083,,
2023-08-14 13:21:50.085,,
2023-08-14 13:21:50.087,,
2023-08-14 13:21:50.160,,
2023-08-14 13:21:50.162,,
2023-08-14 13:21:50.163,,
2023-08-14 13:21:50.165,,
2023-08-14 13:21:50.169,,
2023-08-14 13:21:50.171,67.0,
2023-08-14 13:21:50.249,,
2023-08-14 13:21:50.251,,
2023-08-14 13:21:50.254,,
2023-08-14 13:21:50.256,,
2023-08-14 13:21:50.328,,
2023-08-14 13:21:50.330,,
2023-08-14 13:21:50.332,,
2023-08-14 13:21:50.334,,
2023-08-14 13:21:50.407,,
2023-08-14 13:21:50.409,,
2023-08-14 13:21:50.411,,
2023-08-14 13:21:50.413,,
2023-08-14 13:21:50.481,,
2023-08-14 13:21:50.483,,
2023-08-14 13:21:50.484,,
2023-08-14 13:21:50.486,,
2023-08-14 13:21:50.556,,
2023-08-14 13:21:50.558,,
2023-08-14 13:21:50.560,,
2023-08-14 13:21:50.561,,
2023-08-14 13:21:50.634,,
2023-08-14 13:21:50.636,,
2023-08-14 13:21:50.638,,
2023-08-14 13:21:50.640,,
2023-08-14 13:21:50.713,,
2023-08-14 13:21:50.714,,
2023-08-14 13:21:50.716,,
2023-08-14 13:21:50.718,,
2023-08-14 13:21:50.798,,
2023-08-14 13:21:50.800,,
2023-08-14 13:21:50.802,,
2023-08-14 13:21:50.804,,
2023-08-14 13:21:50.875,,
2023-08-14 13:21:50.877,,
2023-08-14 13:21:50.879,,
2023-08-14 13:21:50.882,,
2023-08-14 13:21:50.952,,
2023-08-14 13:21:50.954,,
2023-08-14 13:21:50.956,,
2023-08-14 13:21:50.958,,
2023-08-14 13:21:51.029,,
2023-08-14 13:21:51.031,,
2023-08-14 13:21:51.033,,
2023-08-14 13:21:51.035,,
2023-08-14 13:21:51.104,,
2023-08-14 13:21:51.106,,
2023-08-14 13:21:51.108,,
2023-08-14 13:21:51.110,,
2023-08-14 13:21:51.162,68.0,
2023-08-14 13:21:51.188,,
2023-08-14 13:21:51.190,,
2023-08-14 13:21:51.192,,
2023-08-14 13:21:51.194,,
2023-08-14 13:21:51.262,,
2023-08-14 13:21:51.264,,
2023-08-14 13:21:51.266,,
2023-08-14 13:21:51.268,,
2023-08-14 13:21:51.347,,
2023-08-14 13:21:51.348,,
2023-08-14 13:21:51.350,,
2023-08-14 13:21:51.352,,
2023-08-14 13:21:51.423,,
2023-08-14 13:21:51.425,,
2023-08-14 13:21:51.427,,
2023-08-14 13:21:51.428,,
2023-08-14 13:21:51.496,,
2023-08-14 13:21:51.498,,
2023-08-14 13:21:51.500,,
2023-08-14 13:21:51.502,,
2023-08-14 13:21:51.572,,
2023-08-14 13:21:51.574,,
2023-08-14 13:21:51.576,,
2023-08-14 13:21:51.577,,
2023-08-14 13:21:51.653,,
2023-08-14 13:21:51.654,,
2023-08-14 13:21:51.657,,
2023-08-14 13:21:51.659,,
2023-08-14 13:21:51.730,,
2023-08-14 13:21:51.732,,
2023-08-14 13:21:51.734,,
2023-08-14 13:21:51.735,,
2023-08-14 13:21:51.809,,
2023-08-14 13:21:51.811,,
2023-08-14 13:21:51.813,,
2023-08-14 13:21:51.814,,
2023-08-14 13:21:51.884,,
2023-08-14 13:21:51.886,,
2023-08-14 13:21:51.887,,
2023-08-14 13:21:51.890,,
2023-08-14 13:21:51.963,,
2023-08-14 13:21:51.965,,
2023-08-14 13:21:51.968,,
2023-08-14 13:21:51.970,,
2023-08-14 13:21:52.042,,
2023-08-14 13:21:52.044,,
2023-08-14 13:21:52.046,,
2023-08-14 13:21:52.047,,
2023-08-14 13:21:52.124,,
2023-08-14 13:21:52.125,,
2023-08-14 13:21:52.127,,
2023-08-14 13:21:52.129,,
2023-08-14 13:21:52.152,68.0,
2023-08-14 13:21:52.203,,
2023-08-14 13:21:52.206,,
2023-08-14 13:21:52.208,,
2023-08-14 13:21:52.210,,
2023-08-14 13:21:52.281,,
2023-08-14 13:21:52.283,,
2023-08-14 13:21:52.285,,
2023-08-14 13:21:52.287,,
2023-08-14 13:21:52.364,,
2023-08-14 13:21:52.366,,
2023-08-14 13:21:52.367,,
2023-08-14 13:21:52.369,,
2023-08-14 13:21:52.437,,
2023-08-14 13:21:52.438,,
2023-08-14 13:21:52.440,,
2023-08-14 13:21:52.442,,
2023-08-14 13:21:52.512,,
2023-08-14 13:21:52.514,,
2023-08-14 13:21:52.515,,
2023-08-14 13:21:52.517,,
2023-08-14 13:21:52.520,,
2023-08-14 13:21:52.591,,
2023-08-14 13:21:52.593,,
2023-08-14 13:21:52.594,,
2023-08-14 13:21:52.596,,
2023-08-14 13:21:52.667,,
2023-08-14 13:21:52.669,,
2023-08-14 13:21:52.670,,
2023-08-14 13:21:52.672,,
2023-08-14 13:21:52.741,,
2023-08-14 13:21:52.743,,
2023-08-14 13:21:52.745,,
2023-08-14 13:21:52.746,,
2023-08-14 13:21:52.815,,
2023-08-14 13:21:52.817,,
2023-08-14 13:21:52.819,,
2023-08-14 13:21:52.820,,
2023-08-14 13:21:52.892,,
2023-08-14 13:21:52.894,,
2023-08-14 13:21:52.895,,
2023-08-14 13:21:52.897,,
2023-08-14 13:21:52.970,,
2023-08-14 13:21:52.972,,
2023-08-14 13:21:52.974,,
2023-08-14 13:21:52.977,,
2023-08-14 13:21:53.045,,
2023-08-14 13:21:53.047,,
2023-08-14 13:21:53.049,,
2023-08-14 13:21:53.050,,
2023-08-14 13:21:53.119,,
2023-08-14 13:21:53.121,,
2023-08-14 13:21:53.123,,
2023-08-14 13:21:53.126,,
2023-08-14 13:21:53.141,69.0,
2023-08-14 13:21:53.203,,
2023-08-14 13:21:53.206,,
2023-08-14 13:21:53.208,,
2023-08-14 13:21:53.210,,
2023-08-14 13:21:53.283,,
2023-08-14 13:21:53.285,,
2023-08-14 13:21:53.287,,
2023-08-14 13:21:53.289,,
2023-08-14 13:21:53.359,,
2023-08-14 13:21:53.361,,
2023-08-14 13:21:53.362,,
2023-08-14 13:21:53.364,,
2023-08-14 13:21:53.437,,
2023-08-14 13:21:53.439,,
2023-08-14 13:21:53.441,,
2023-08-14 13:21:53.442,,
2023-08-14 13:21:53.518,,
2023-08-14 13:21:53.520,,
2023-08-14 13:21:53.521,,
2023-08-14 13:21:53.523,,
2023-08-14 13:21:53.601,,
2023-08-14 13:21:53.603,,
2023-08-14 13:21:53.604,,
2023-08-14 13:21:53.606,,
2023-08-14 13:21:53.677,,
2023-08-14 13:21:53.679,,
2023-08-14 13:21:53.682,,
2023-08-14 13:21:53.684,,
2023-08-14 13:21:53.756,,
2023-08-14 13:21:53.758,,
2023-08-14 13:21:53.760,,
2023-08-14 13:21:53.762,,
2023-08-14 13:21:53.837,,
2023-08-14 13:21:53.839,,
2023-08-14 13:21:53.841,,
2023-08-14 13:21:53.843,,
2023-08-14 13:21:53.917,,
2023-08-14 13:21:53.918,,
2023-08-14 13:21:53.920,,
2023-08-14 13:21:53.922,,
2023-08-14 13:21:53.991,,
2023-08-14 13:21:53.993,,
2023-08-14 13:21:53.995,,
2023-08-14 13:21:53.996,,
2023-08-14 13:21:54.065,,
2023-08-14 13:21:54.067,,
2023-08-14 13:21:54.069,,
2023-08-14 13:21:54.070,,
2023-08-14 13:21:54.132,70.0,
2023-08-14 13:21:54.147,,
2023-08-14 13:21:54.149,,
2023-08-14 13:21:54.150,,
2023-08-14 13:21:54.152,,
2023-08-14 13:21:54.225,,
2023-08-14 13:21:54.227,,
2023-08-14 13:21:54.229,,
2023-08-14 13:21:54.232,,
2023-08-14 13:21:54.300,,
2023-08-14 13:21:54.302,,
2023-08-14 13:21:54.304,,
2023-08-14 13:21:54.306,,
2023-08-14 13:21:54.380,,
2023-08-14 13:21:54.382,,
2023-08-14 13:21:54.383,,
2023-08-14 13:21:54.385,,
2023-08-14 13:21:54.454,,
2023-08-14 13:21:54.455,,
2023-08-14 13:21:54.457,,
2023-08-14 13:21:54.459,,
2023-08-14 13:21:54.529,,
2023-08-14 13:21:54.532,,
2023-08-14 13:21:54.533,,
2023-08-14 13:21:54.535,,
2023-08-14 13:21:54.606,,
2023-08-14 13:21:54.608,,
2023-08-14 13:21:54.609,,
2023-08-14 13:21:54.611,,
2023-08-14 13:21:54.683,,
2023-08-14 13:21:54.685,,
2023-08-14 13:21:54.687,,
2023-08-14 13:21:54.689,,
2023-08-14 13:21:54.762,,
2023-08-14 13:21:54.765,,
2023-08-14 13:21:54.767,,
2023-08-14 13:21:54.769,,
2023-08-14 13:21:54.846,,
2023-08-14 13:21:54.848,,
2023-08-14 13:21:54.850,,
2023-08-14 13:21:54.851,,
2023-08-14 13:21:54.927,,
2023-08-14 13:21:54.928,,
2023-08-14 13:21:54.930,,
2023-08-14 13:21:54.932,,
2023-08-14 13:21:54.935,,
2023-08-14 13:21:55.006,,
2023-08-14 13:21:55.008,,
2023-08-14 13:21:55.010,,
2023-08-14 13:21:55.012,,
2023-08-14 13:21:55.095,,
2023-08-14 13:21:55.097,,
2023-08-14 13:21:55.098,,
2023-08-14 13:21:55.101,,
2023-08-14 13:21:55.122,70.0,
2023-08-14 13:21:55.175,,
2023-08-14 13:21:55.177,,
2023-08-14 13:21:55.179,,
2023-08-14 13:21:55.181,,
2023-08-14 13:21:55.252,,
2023-08-14 13:21:55.253,,
2023-08-14 13:21:55.256,,
2023-08-14 13:21:55.258,,
2023-08-14 13:21:55.330,,
2023-08-14 13:21:55.332,,
2023-08-14 13:21:55.334,,
2023-08-14 13:21:55.336,,
2023-08-14 13:21:55.407,,
2023-08-14 13:21:55.410,,
2023-08-14 13:21:55.412,,
2023-08-14 13:21:55.414,,
2023-08-14 13:21:55.492,,
2023-08-14 13:21:55.493,,
2023-08-14 13:21:55.495,,
2023-08-14 13:21:55.497,,
2023-08-14 13:21:55.568,,
2023-08-14 13:21:55.570,,
2023-08-14 13:21:55.573,,
2023-08-14 13:21:55.575,,
2023-08-14 13:21:55.646,,
2023-08-14 13:21:55.648,,
2023-08-14 13:21:55.651,,
2023-08-14 13:21:55.652,,
2023-08-14 13:21:55.724,,
2023-08-14 13:21:55.726,,
2023-08-14 13:21:55.728,,
2023-08-14 13:21:55.730,,
2023-08-14 13:21:55.801,,
2023-08-14 13:21:55.803,,
2023-08-14 13:21:55.806,,
2023-08-14 13:21:55.808,,
2023-08-14 13:21:55.882,,
2023-08-14 13:21:55.884,,
2023-08-14 13:21:55.886,,
2023-08-14 13:21:55.888,,
2023-08-14 13:21:55.961,,
2023-08-14 13:21:55.963,,
2023-08-14 13:21:55.965,,
2023-08-14 13:21:55.967,,
2023-08-14 13:21:56.039,,
2023-08-14 13:21:56.041,,
2023-08-14 13:21:56.042,,
2023-08-14 13:21:56.044,,
2023-08-14 13:21:56.112,70.0,
2023-08-14 13:21:56.119,,
2023-08-14 13:21:56.121,,
2023-08-14 13:21:56.123,,
2023-08-14 13:21:56.125,,
2023-08-14 13:21:56.197,,
2023-08-14 13:21:56.199,,
2023-08-14 13:21:56.201,,
2023-08-14 13:21:56.202,,
2023-08-14 13:21:56.271,,
2023-08-14 13:21:56.273,,
2023-08-14 13:21:56.275,,
2023-08-14 13:21:56.277,,
2023-08-14 13:21:56.350,,
2023-08-14 13:21:56.352,,
2023-08-14 13:21:56.354,,
2023-08-14 13:21:56.355,,
2023-08-14 13:21:56.424,,
2023-08-14 13:21:56.426,,
2023-08-14 13:21:56.427,,
2023-08-14 13:21:56.429,,
2023-08-14 13:21:56.502,,
2023-08-14 13:21:56.505,,
2023-08-14 13:21:56.507,,
2023-08-14 13:21:56.509,,
2023-08-14 13:21:56.577,,
2023-08-14 13:21:56.579,,
2023-08-14 13:21:56.581,,
2023-08-14 13:21:56.583,,
2023-08-14 13:21:56.655,,
2023-08-14 13:21:56.657,,
2023-08-14 13:21:56.659,,
2023-08-14 13:21:56.662,,
2023-08-14 13:21:56.733,,
2023-08-14 13:21:56.735,,
2023-08-14 13:21:56.737,,
2023-08-14 13:21:56.739,,
2023-08-14 13:21:56.810,,
2023-08-14 13:21:56.812,,
2023-08-14 13:21:56.815,,
2023-08-14 13:21:56.817,,
2023-08-14 13:21:56.889,,
2023-08-14 13:21:56.891,,
2023-08-14 13:21:56.893,,
2023-08-14 13:21:56.895,,
2023-08-14 13:21:56.964,,
2023-08-14 13:21:56.966,,
2023-08-14 13:21:56.968,,
2023-08-14 13:21:56.970,,
2023-08-14 13:21:57.044,,
2023-08-14 13:21:57.046,,
2023-08-14 13:21:57.049,,
2023-08-14 13:21:57.051,,
2023-08-14 13:21:57.102,69.0,
2023-08-14 13:21:57.125,,
2023-08-14 13:21:57.127,,
2023-08-14 13:21:57.129,,
2023-08-14 13:21:57.131,,
2023-08-14 13:21:57.204,,
2023-08-14 13:21:57.206,,
2023-08-14 13:21:57.209,,
2023-08-14 13:21:57.211,,
2023-08-14 13:21:57.286,,
2023-08-14 13:21:57.288,,
2023-08-14 13:21:57.289,,
2023-08-14 13:21:57.291,,
2023-08-14 13:21:57.362,,
2023-08-14 13:21:57.364,,
2023-08-14 13:21:57.366,,
2023-08-14 13:21:57.368,,
2023-08-14 13:21:57.446,,
2023-08-14 13:21:57.448,,
2023-08-14 13:21:57.450,,
2023-08-14 13:21:57.451,,
2023-08-14 13:21:57.520,,
2023-08-14 13:21:57.522,,
2023-08-14 13:21:57.523,,
2023-08-14 13:21:57.525,,
2023-08-14 13:21:57.528,,
2023-08-14 13:21:57.597,,
2023-08-14 13:21:57.599,,
2023-08-14 13:21:57.601,,
2023-08-14 13:21:57.602,,
2023-08-14 13:21:57.671,,
2023-08-14 13:21:57.673,,
2023-08-14 13:21:57.674,,
2023-08-14 13:21:57.676,,
2023-08-14 13:21:57.747,,
2023-08-14 13:21:57.749,,
2023-08-14 13:21:57.751,,
2023-08-14 13:21:57.753,,
2023-08-14 13:21:57.834,,
2023-08-14 13:21:57.835,,
2023-08-14 13:21:57.838,,
2023-08-14 13:21:57.840,,
2023-08-14 13:21:57.911,,
2023-08-14 13:21:57.913,,
2023-08-14 13:21:57.915,,
2023-08-14 13:21:57.917,,
2023-08-14 13:21:57.989,,
2023-08-14 13:21:57.991,,
2023-08-14 13:21:57.993,,
2023-08-14 13:21:57.996,,
2023-08-14 13:21:58.068,,
2023-08-14 13:21:58.070,,
2023-08-14 13:21:58.072,,
2023-08-14 13:21:58.074,,
2023-08-14 13:21:58.092,69.0,
2023-08-14 13:21:58.152,,
2023-08-14 13:21:58.153,,
2023-08-14 13:21:58.155,,
2023-08-14 13:21:58.156,,
2023-08-14 13:21:58.227,,
2023-08-14 13:21:58.228,,
2023-08-14 13:21:58.230,,
2023-08-14 13:21:58.232,,
2023-08-14 13:21:58.303,,
2023-08-14 13:21:58.305,,
2023-08-14 13:21:58.307,,
2023-08-14 13:21:58.309,,
2023-08-14 13:21:58.382,,
2023-08-14 13:21:58.384,,
2023-08-14 13:21:58.386,,
2023-08-14 13:21:58.388,,
2023-08-14 13:21:58.459,,
2023-08-14 13:21:58.461,,
2023-08-14 13:21:58.463,,
2023-08-14 13:21:58.464,,
2023-08-14 13:21:58.536,,
2023-08-14 13:21:58.538,,
2023-08-14 13:21:58.541,,
2023-08-14 13:21:58.543,,
2023-08-14 13:21:58.614,,
2023-08-14 13:21:58.615,,
2023-08-14 13:21:58.617,,
2023-08-14 13:21:58.619,,
2023-08-14 13:21:58.691,,
2023-08-14 13:21:58.693,,
2023-08-14 13:21:58.694,,
2023-08-14 13:21:58.696,,
2023-08-14 13:21:58.770,,
2023-08-14 13:21:58.772,,
2023-08-14 13:21:58.774,,
2023-08-14 13:21:58.775,,
2023-08-14 13:21:58.846,,
2023-08-14 13:21:58.848,,
2023-08-14 13:21:58.849,,
2023-08-14 13:21:58.851,,
2023-08-14 13:21:58.920,,
2023-08-14 13:21:58.923,,
2023-08-14 13:21:58.924,,
2023-08-14 13:21:58.926,,
2023-08-14 13:21:58.993,,
2023-08-14 13:21:58.995,,
2023-08-14 13:21:58.996,,
2023-08-14 13:21:58.998,,
2023-08-14 13:21:59.068,,
2023-08-14 13:21:59.070,,
2023-08-14 13:21:59.072,,
2023-08-14 13:21:59.074,,
2023-08-14 13:21:59.081,68.0,
2023-08-14 13:21:59.152,,
2023-08-14 13:21:59.154,,
2023-08-14 13:21:59.156,,
2023-08-14 13:21:59.158,,
2023-08-14 13:21:59.228,,
2023-08-14 13:21:59.230,,
2023-08-14 13:21:59.232,,
2023-08-14 13:21:59.234,,
2023-08-14 13:21:59.237,,
2023-08-14 13:21:59.307,,
2023-08-14 13:21:59.308,,
2023-08-14 13:21:59.310,,
2023-08-14 13:21:59.311,,
2023-08-14 13:21:59.377,,
2023-08-14 13:21:59.379,,
2023-08-14 13:21:59.381,,
2023-08-14 13:21:59.382,,
2023-08-14 13:21:59.454,,
2023-08-14 13:21:59.456,,
2023-08-14 13:21:59.458,,
2023-08-14 13:21:59.460,,
2023-08-14 13:21:59.532,,
2023-08-14 13:21:59.534,,
2023-08-14 13:21:59.536,,
2023-08-14 13:21:59.537,,
2023-08-14 13:21:59.612,,
2023-08-14 13:21:59.613,,
2023-08-14 13:21:59.615,,
2023-08-14 13:21:59.616,,
2023-08-14 13:21:59.697,,
2023-08-14 13:21:59.699,,
2023-08-14 13:21:59.700,,
2023-08-14 13:21:59.702,,
2023-08-14 13:21:59.771,,
2023-08-14 13:21:59.772,,
2023-08-14 13:21:59.774,,
2023-08-14 13:21:59.776,,
2023-08-14 13:21:59.851,,
2023-08-14 13:21:59.853,,
2023-08-14 13:21:59.855,,
2023-08-14 13:21:59.857,,
2023-08-14 13:21:59.930,,
2023-08-14 13:21:59.932,,
2023-08-14 13:21:59.934,,
2023-08-14 13:21:59.936,,
2023-08-14 13:21:59.976,,"When you are going to lift your arms to the highest point, please raise your arms a bit to make sure they are paralleled to the ground."
2023-08-14 13:22:00.008,,
2023-08-14 13:22:00.010,,
2023-08-14 13:22:00.012,,
2023-08-14 13:22:00.013,,
2023-08-14 13:22:00.072,68.0,
2023-08-14 13:22:00.088,,
2023-08-14 13:22:00.090,,
2023-08-14 13:22:00.092,,
2023-08-14 13:22:00.094,,
2023-08-14 13:22:00.164,,
2023-08-14 13:22:00.166,,
2023-08-14 13:22:00.168,,
2023-08-14 13:22:00.169,,
2023-08-14 13:22:00.243,,
2023-08-14 13:22:00.245,,
2023-08-14 13:22:00.246,,
2023-08-14 13:22:00.248,,
2023-08-14 13:22:00.323,,
2023-08-14 13:22:00.325,,
2023-08-14 13:22:00.326,,
2023-08-14 13:22:00.328,,
2023-08-14 13:22:00.400,,
2023-08-14 13:22:00.402,,
2023-08-14 13:22:00.404,,
2023-08-14 13:22:00.405,,
2023-08-14 13:22:00.409,,
2023-08-14 13:22:00.480,,
2023-08-14 13:22:00.482,,
2023-08-14 13:22:00.484,,
2023-08-14 13:22:00.487,,
2023-08-14 13:22:00.557,,
2023-08-14 13:22:00.560,,
2023-08-14 13:22:00.562,,
2023-08-14 13:22:00.563,,
2023-08-14 13:22:00.633,,
2023-08-14 13:22:00.635,,
2023-08-14 13:22:00.637,,
2023-08-14 13:22:00.639,,
2023-08-14 13:22:00.706,,
2023-08-14 13:22:00.709,,
2023-08-14 13:22:00.711,,
2023-08-14 13:22:00.713,,
2023-08-14 13:22:00.786,,
2023-08-14 13:22:00.789,,
2023-08-14 13:22:00.791,,
2023-08-14 13:22:00.792,,
2023-08-14 13:22:00.865,,
2023-08-14 13:22:00.866,,
2023-08-14 13:22:00.868,,
2023-08-14 13:22:00.870,,
2023-08-14 13:22:00.948,,
2023-08-14 13:22:00.950,,
2023-08-14 13:22:00.952,,
2023-08-14 13:22:00.954,,
2023-08-14 13:22:01.023,,
2023-08-14 13:22:01.024,,
2023-08-14 13:22:01.026,,
2023-08-14 13:22:01.028,,
2023-08-14 13:22:01.062,68.0,
2023-08-14 13:22:01.101,,
2023-08-14 13:22:01.103,,
2023-08-14 13:22:01.105,,
2023-08-14 13:22:01.107,,
2023-08-14 13:22:01.178,,
2023-08-14 13:22:01.179,,
2023-08-14 13:22:01.182,,
2023-08-14 13:22:01.184,,
2023-08-14 13:22:01.258,,
2023-08-14 13:22:01.260,,
2023-08-14 13:22:01.263,,
2023-08-14 13:22:01.265,,
2023-08-14 13:22:01.337,,
2023-08-14 13:22:01.339,,
2023-08-14 13:22:01.340,,
2023-08-14 13:22:01.342,,
2023-08-14 13:22:01.418,,
2023-08-14 13:22:01.420,,
2023-08-14 13:22:01.422,,
2023-08-14 13:22:01.423,,
2023-08-14 13:22:01.495,,
2023-08-14 13:22:01.497,,
2023-08-14 13:22:01.500,,
2023-08-14 13:22:01.502,,
2023-08-14 13:22:01.570,,
2023-08-14 13:22:01.571,,
2023-08-14 13:22:01.574,,
2023-08-14 13:22:01.576,,
2023-08-14 13:22:01.651,,
2023-08-14 13:22:01.653,,
2023-08-14 13:22:01.654,,
2023-08-14 13:22:01.656,,
2023-08-14 13:22:01.727,,
2023-08-14 13:22:01.728,,
2023-08-14 13:22:01.731,,
2023-08-14 13:22:01.732,,
2023-08-14 13:22:01.809,,
2023-08-14 13:22:01.811,,
2023-08-14 13:22:01.813,,
2023-08-14 13:22:01.815,,
2023-08-14 13:22:01.888,,
2023-08-14 13:22:01.890,,
2023-08-14 13:22:01.892,,
2023-08-14 13:22:01.894,,
2023-08-14 13:22:01.973,,
2023-08-14 13:22:01.975,,
2023-08-14 13:22:01.976,,
2023-08-14 13:22:01.978,,
2023-08-14 13:22:02.047,,
2023-08-14 13:22:02.048,,
2023-08-14 13:22:02.050,,
2023-08-14 13:22:02.051,,
2023-08-14 13:22:02.052,68.0,
