Timestamp,Heart_rate,Feedback,Movement,Right shoulder angle,Left shoulder angle,Right elbow angle,Left elbow angle
2023-08-15 12:22:37.031,58,,,,,,
2023-08-15 12:22:38.020,58,,,,,,
2023-08-15 12:22:39.010,58,,,,,,
2023-08-15 12:22:40.001,58,,,,,,
2023-08-15 12:22:40.990,59,,,,,,
2023-08-15 12:22:41.980,59,,,,,,
2023-08-15 12:22:42.970,59,,,,,,
2023-08-15 12:22:43.960,60,,,,,,
2023-08-15 12:22:45.445,60,,,,,,
2023-08-15 12:22:45.940,60,,,,,,
2023-08-15 12:22:46.930,60,,,,,,
2023-08-15 12:22:47.920,60,,,,,,
2023-08-15 12:22:49.405,59,,,,,,
2023-08-15 12:22:49.900,59,,,,,,
2023-08-15 12:22:50.890,59,,,,,,
2023-08-15 12:22:51.881,59,,,,,,
2023-08-15 12:22:52.870,58,,,,,,
2023-08-15 12:22:53.860,58,,,,,,
2023-08-15 12:22:54.850,58,,,,,,
2023-08-15 12:22:56.335,59,,,,,,
2023-08-15 12:22:57.325,59,,,,,,
2023-08-15 12:22:58.315,59,,,,,,
2023-08-15 12:22:59.305,60,,,,,,
2023-08-15 12:23:00.295,60,,,,,,
2023-08-15 12:23:01.285,60,,,,,,
2023-08-15 12:23:02.275,60,,,,,,
2023-08-15 12:23:03.265,60,,,,,,
2023-08-15 12:23:04.256,60,,,,,,
2023-08-15 12:23:42.867,58,,,,,,
2023-08-15 12:23:43.855,57,,,,,,
2023-08-15 12:23:45.340,57,,,,,,
2023-08-15 12:23:46.330,57,,,,,,
2023-08-15 12:23:47.320,58,,,,,,
2023-08-15 12:23:48.310,58,,,,,,
2023-08-15 12:23:49.301,58,,,,,,
2023-08-15 12:23:50.290,59,,,,,,
2023-08-15 12:23:51.280,59,,,,,,
2023-08-15 12:23:52.270,59,,,,,,
2023-08-15 12:23:53.260,59,,,,,,
2023-08-15 12:23:54.250,59,,,,,,
2023-08-15 12:23:55.735,60,,,,,,
2023-08-15 12:23:56.230,60,,,,,,
2023-08-15 12:23:57.221,61,,,,,,
2023-08-15 12:23:58.210,61,,,,,,
2023-08-15 12:23:59.200,61,,,,,,
2023-08-15 12:24:00.191,61,,,,,,
2023-08-15 12:24:01.675,61,,,,,,
2023-08-15 12:24:02.170,61,,,,,,
2023-08-15 12:24:03.160,61,,,,,,
2023-08-15 12:24:04.151,61,,,,,,
2023-08-15 12:24:05.140,61,,,,,,
2023-08-15 12:24:06.130,61,,,,,,
2023-08-15 12:24:07.121,60,,,,,,
2023-08-15 12:24:09.100,60,,,,,,
2023-08-15 12:24:09.106,60,,,,,,
2023-08-15 12:24:10.090,60,,,,,,
2023-08-15 12:24:11.080,59,,,,,,
2023-08-15 12:24:12.070,59,,,,,,
2023-08-15 12:24:13.555,59,,,,,,
2023-08-15 12:24:14.050,59,,,,,,
2023-08-15 12:24:15.535,59,,,,,,
2023-08-15 12:24:16.031,59,,,,,,
2023-08-15 12:24:17.020,59,,,,,,
2023-08-15 12:24:18.010,59,,,,,,
2023-08-15 12:24:19.000,59,,,,,,
2023-08-15 12:24:19.990,60,,,,,,
2023-08-15 12:24:20.981,60,,,,,,
2023-08-15 12:24:21.971,61,,,,,,
2023-08-15 12:24:22.960,61,,,,,,
2023-08-15 12:24:23.951,61,,,,,,
2023-08-15 12:24:24.940,61,,,,,,
2023-08-15 12:24:25.930,61,,,,,,
2023-08-15 12:24:27.415,61,,,,,,
2023-08-15 12:24:27.910,61,,,,,,
2023-08-15 12:24:29.395,61,,,,,,
2023-08-15 12:24:29.757,,Start,,,,,
2023-08-15 12:24:29.852,,,,14,,,
2023-08-15 12:24:29.854,,,,,14,,
2023-08-15 12:24:29.856,,,,,,170,
2023-08-15 12:24:29.858,,,,,,,172
2023-08-15 12:24:29.890,61,,,,,,
2023-08-15 12:24:29.935,,,,14,,,
2023-08-15 12:24:29.937,,,,,14,,
2023-08-15 12:24:29.940,,,,,,170,
2023-08-15 12:24:29.942,,,,,,,172
2023-08-15 12:24:30.017,,,,14,,,
2023-08-15 12:24:30.018,,,,,14,,
2023-08-15 12:24:30.021,,,,,,170,
2023-08-15 12:24:30.024,,,,,,,172
2023-08-15 12:24:30.095,,,,14,,,
2023-08-15 12:24:30.098,,,,,14,,
2023-08-15 12:24:30.100,,,,,,170,
2023-08-15 12:24:30.101,,,,,,,172
2023-08-15 12:24:30.175,,,,14,,,
2023-08-15 12:24:30.177,,,,,14,,
2023-08-15 12:24:30.178,,,,,,170,
2023-08-15 12:24:30.180,,,,,,,172
2023-08-15 12:24:30.255,,,,15,,,
2023-08-15 12:24:30.257,,,,,14,,
2023-08-15 12:24:30.259,,,,,,170,
2023-08-15 12:24:30.261,,,,,,,172
2023-08-15 12:24:30.340,,,,15,,,
2023-08-15 12:24:30.342,,,,,14,,
2023-08-15 12:24:30.343,,,,,,169,
2023-08-15 12:24:30.345,,,,,,,173
2023-08-15 12:24:30.419,,,,15,,,
2023-08-15 12:24:30.421,,,,,14,,
2023-08-15 12:24:30.423,,,,,,168,
2023-08-15 12:24:30.425,,,,,,,173
2023-08-15 12:24:30.495,,,,16,,,
2023-08-15 12:24:30.497,,,,,16,,
2023-08-15 12:24:30.499,,,,,,166,
2023-08-15 12:24:30.501,,,,,,,171
2023-08-15 12:24:30.572,,,,19,,,
2023-08-15 12:24:30.575,,,,,18,,
2023-08-15 12:24:30.577,,,,,,160,
2023-08-15 12:24:30.579,,,,,,,166
2023-08-15 12:24:30.650,,,,22,,,
2023-08-15 12:24:30.652,,,,,24,,
2023-08-15 12:24:30.653,,,,,,153,
2023-08-15 12:24:30.656,,,,,,,155
2023-08-15 12:24:30.729,,,,25,,,
2023-08-15 12:24:30.731,,,,,29,,
2023-08-15 12:24:30.733,,,,,,143,
2023-08-15 12:24:30.735,,,,,,,143
2023-08-15 12:24:30.810,,,,27,,,
2023-08-15 12:24:30.812,,,,,35,,
2023-08-15 12:24:30.814,,,,,,124,
2023-08-15 12:24:30.815,,,,,,,112
2023-08-15 12:24:30.880,60,,,,,,
2023-08-15 12:24:30.886,,,,31,,,
2023-08-15 12:24:30.888,,,,,38,,
2023-08-15 12:24:30.891,,,,,,98,
2023-08-15 12:24:30.893,,,,,,,88
2023-08-15 12:24:30.969,,,,34,,,
2023-08-15 12:24:30.971,,,,,42,,
2023-08-15 12:24:30.974,,,,,,72,
2023-08-15 12:24:30.976,,,,,,,64
2023-08-15 12:24:31.048,,,,38,,,
2023-08-15 12:24:31.050,,,,,47,,
2023-08-15 12:24:31.053,,,,,,52,
2023-08-15 12:24:31.055,,,,,,,45
2023-08-15 12:24:31.140,,,,44,,,
2023-08-15 12:24:31.142,,,,,55,,
2023-08-15 12:24:31.144,,,,,,40,
2023-08-15 12:24:31.146,,,,,,,32
2023-08-15 12:24:31.224,,,,51,,,
2023-08-15 12:24:31.226,,,,,67,,
2023-08-15 12:24:31.228,,,,,,28,
2023-08-15 12:24:31.230,,,,,,,20
2023-08-15 12:24:31.304,,,,67,,,
2023-08-15 12:24:31.306,,,,,85,,
2023-08-15 12:24:31.308,,,,,,17,
2023-08-15 12:24:31.309,,,,,,,8
2023-08-15 12:24:31.380,,,,74,,,
2023-08-15 12:24:31.382,,,,,90,,
2023-08-15 12:24:31.383,,,,,,14,
2023-08-15 12:24:31.385,,,,,,,6
2023-08-15 12:24:31.459,,,,80,,,
2023-08-15 12:24:31.460,,,,,95,,
2023-08-15 12:24:31.462,,,,,,10,
2023-08-15 12:24:31.464,,,,,,,1
2023-08-15 12:24:31.534,,,,86,,,
2023-08-15 12:24:31.536,,,,,99,,
2023-08-15 12:24:31.538,,,,,,3,
2023-08-15 12:24:31.539,,,,,,,3
2023-08-15 12:24:31.615,,,,96,,,
2023-08-15 12:24:31.617,,,,,108,,
2023-08-15 12:24:31.619,,,,,,6,
2023-08-15 12:24:31.620,,,,,,,12
2023-08-15 12:24:31.693,,,,103,,,
2023-08-15 12:24:31.695,,,,,113,,
2023-08-15 12:24:31.697,,,,,,9,
2023-08-15 12:24:31.698,,,,,,,16
2023-08-15 12:24:31.701,,,Right movement,,,,
2023-08-15 12:24:31.773,,,,106,,,
2023-08-15 12:24:31.775,,,,,115,,
2023-08-15 12:24:31.778,,,,,,10,
2023-08-15 12:24:31.780,,,,,,,17
2023-08-15 12:24:31.853,,,,108,,,
2023-08-15 12:24:31.856,,,,,116,,
2023-08-15 12:24:31.858,,,,,,10,
2023-08-15 12:24:31.860,,,,,,,16
2023-08-15 12:24:31.870,60,,,,,,
2023-08-15 12:24:31.936,,,,108,,,
2023-08-15 12:24:31.938,,,,,115,,
2023-08-15 12:24:31.939,,,,,,7,
2023-08-15 12:24:31.941,,,,,,,11
2023-08-15 12:24:32.020,,,,107,,,
2023-08-15 12:24:32.022,,,,,114,,
2023-08-15 12:24:32.024,,,,,,5,
2023-08-15 12:24:32.026,,,,,,,8
2023-08-15 12:24:32.100,,,,108,,,
2023-08-15 12:24:32.102,,,,,116,,
2023-08-15 12:24:32.104,,,,,,4,
2023-08-15 12:24:32.106,,,,,,,7
2023-08-15 12:24:32.147,,You are doing great! Now you can speed up your movement to achieve better training effect,,,,,
2023-08-15 12:24:32.181,,,,108,,,
2023-08-15 12:24:32.184,,,,,116,,
2023-08-15 12:24:32.186,,,,,,3,
2023-08-15 12:24:32.187,,,,,,,6
2023-08-15 12:24:32.263,,,,108,,,
2023-08-15 12:24:32.266,,,,,116,,
2023-08-15 12:24:32.269,,,,,,2,
2023-08-15 12:24:32.271,,,,,,,6
2023-08-15 12:24:32.347,,,,108,,,
2023-08-15 12:24:32.349,,,,,115,,
2023-08-15 12:24:32.350,,,,,,2,
2023-08-15 12:24:32.353,,,,,,,5
2023-08-15 12:24:32.357,,,Right movement,,,,
2023-08-15 12:24:32.432,,,,106,,,
2023-08-15 12:24:32.434,,,,,113,,
2023-08-15 12:24:32.435,,,,,,2,
2023-08-15 12:24:32.438,,,,,,,4
2023-08-15 12:24:32.512,,,,104,,,
2023-08-15 12:24:32.515,,,,,108,,
2023-08-15 12:24:32.517,,,,,,1,
2023-08-15 12:24:32.520,,,,,,,5
2023-08-15 12:24:32.592,,,,91,,,
2023-08-15 12:24:32.595,,,,,100,,
2023-08-15 12:24:32.597,,,,,,3,
2023-08-15 12:24:32.599,,,,,,,4
2023-08-15 12:24:32.674,,,,82,,,
2023-08-15 12:24:32.676,,,,,91,,
2023-08-15 12:24:32.677,,,,,,9,
2023-08-15 12:24:32.679,,,,,,,1
2023-08-15 12:24:32.746,,,,68,,,
2023-08-15 12:24:32.748,,,,,74,,
2023-08-15 12:24:32.749,,,,,,23,
2023-08-15 12:24:32.751,,,,,,,18
2023-08-15 12:24:32.827,,,,52,,,
2023-08-15 12:24:32.829,,,,,65,,
2023-08-15 12:24:32.832,,,,,,47,
2023-08-15 12:24:32.834,,,,,,,25
2023-08-15 12:24:32.861,60,,,,,,
2023-08-15 12:24:32.914,,,,48,,,
2023-08-15 12:24:32.917,,,,,55,,
2023-08-15 12:24:32.919,,,,,,139,
2023-08-15 12:24:32.922,,,,,,,57
2023-08-15 12:24:32.997,,,,48,,,
2023-08-15 12:24:32.999,,,,,51,,
2023-08-15 12:24:33.002,,,,,,139,
2023-08-15 12:24:33.003,,,,,,,91
2023-08-15 12:24:33.075,,,,42,,,
2023-08-15 12:24:33.077,,,,,41,,
2023-08-15 12:24:33.079,,,,,,148,
2023-08-15 12:24:33.081,,,,,,,124
2023-08-15 12:24:33.154,,,,35,,,
2023-08-15 12:24:33.156,,,,,36,,
2023-08-15 12:24:33.157,,,,,,160,
2023-08-15 12:24:33.159,,,,,,,142
2023-08-15 12:24:33.228,,,,27,,,
2023-08-15 12:24:33.230,,,,,26,,
2023-08-15 12:24:33.232,,,,,,169,
2023-08-15 12:24:33.233,,,,,,,162
2023-08-15 12:24:33.306,,,,25,,,
2023-08-15 12:24:33.309,,,,,23,,
2023-08-15 12:24:33.311,,,,,,170,
2023-08-15 12:24:33.313,,,,,,,168
2023-08-15 12:24:33.384,,,,24,,,
2023-08-15 12:24:33.385,,,,,21,,
2023-08-15 12:24:33.387,,,,,,172,
2023-08-15 12:24:33.389,,,,,,,170
2023-08-15 12:24:33.463,,,,22,,,
2023-08-15 12:24:33.465,,,,,19,,
2023-08-15 12:24:33.466,,,,,,171,
2023-08-15 12:24:33.468,,,,,,,171
2023-08-15 12:24:33.537,,,,19,,,
2023-08-15 12:24:33.539,,,,,16,,
2023-08-15 12:24:33.541,,,,,,169,
2023-08-15 12:24:33.543,,,,,,,175
2023-08-15 12:24:33.616,,,,18,,,
2023-08-15 12:24:33.617,,,,,15,,
2023-08-15 12:24:33.620,,,,,,167,
2023-08-15 12:24:33.622,,,,,,,175
2023-08-15 12:24:33.693,,,,17,,,
2023-08-15 12:24:33.694,,,,,15,,
2023-08-15 12:24:33.696,,,,,,167,
2023-08-15 12:24:33.697,,,,,,,174
2023-08-15 12:24:33.772,,,,16,,,
2023-08-15 12:24:33.774,,,,,15,,
2023-08-15 12:24:33.776,,,,,,167,
2023-08-15 12:24:33.777,,,,,,,173
2023-08-15 12:24:33.850,61,,,,,,
2023-08-15 12:24:33.851,,,,16,,,
2023-08-15 12:24:33.853,,,,,15,,
2023-08-15 12:24:33.855,,,,,,167,
2023-08-15 12:24:33.857,,,,,,,172
2023-08-15 12:24:33.927,,,,15,,,
2023-08-15 12:24:33.929,,,,,15,,
2023-08-15 12:24:33.931,,,,,,166,
2023-08-15 12:24:33.934,,,,,,,171
2023-08-15 12:24:34.004,,,,15,,,
2023-08-15 12:24:34.006,,,,,15,,
2023-08-15 12:24:34.007,,,,,,165,
2023-08-15 12:24:34.009,,,,,,,169
2023-08-15 12:24:34.082,,,,15,,,
2023-08-15 12:24:34.084,,,,,15,,
2023-08-15 12:24:34.086,,,,,,164,
2023-08-15 12:24:34.087,,,,,,,169
2023-08-15 12:24:34.161,,,,14,,,
2023-08-15 12:24:34.163,,,,,15,,
2023-08-15 12:24:34.165,,,,,,165,
2023-08-15 12:24:34.167,,,,,,,169
2023-08-15 12:24:34.238,,,,15,,,
2023-08-15 12:24:34.240,,,,,15,,
2023-08-15 12:24:34.242,,,,,,165,
2023-08-15 12:24:34.244,,,,,,,169
2023-08-15 12:24:34.317,,,,15,,,
2023-08-15 12:24:34.319,,,,,15,,
2023-08-15 12:24:34.321,,,,,,165,
2023-08-15 12:24:34.323,,,,,,,169
2023-08-15 12:24:34.393,,,,15,,,
2023-08-15 12:24:34.395,,,,,15,,
2023-08-15 12:24:34.397,,,,,,166,
2023-08-15 12:24:34.398,,,,,,,169
2023-08-15 12:24:34.471,,,,15,,,
2023-08-15 12:24:34.473,,,,,15,,
2023-08-15 12:24:34.475,,,,,,166,
2023-08-15 12:24:34.477,,,,,,,169
2023-08-15 12:24:34.551,,,,15,,,
2023-08-15 12:24:34.553,,,,,15,,
2023-08-15 12:24:34.555,,,,,,167,
2023-08-15 12:24:34.556,,,,,,,170
2023-08-15 12:24:34.633,,,,16,,,
2023-08-15 12:24:34.636,,,,,16,,
2023-08-15 12:24:34.638,,,,,,167,
2023-08-15 12:24:34.640,,,,,,,172
2023-08-15 12:24:34.711,,,,18,,,
2023-08-15 12:24:34.714,,,,,19,,
2023-08-15 12:24:34.716,,,,,,166,
2023-08-15 12:24:34.719,,,,,,,171
2023-08-15 12:24:34.792,,,,21,,,
2023-08-15 12:24:34.794,,,,,23,,
2023-08-15 12:24:34.796,,,,,,166,
2023-08-15 12:24:34.798,,,,,,,167
2023-08-15 12:24:34.872,,,,24,,,
2023-08-15 12:24:34.873,,,,,30,,
2023-08-15 12:24:34.875,,,,,,163,
2023-08-15 12:24:34.877,,,,,,,158
2023-08-15 12:24:34.953,,,,32,,,
2023-08-15 12:24:34.955,,,,,42,,
2023-08-15 12:24:34.957,,,,,,148,
2023-08-15 12:24:34.959,,,,,,,134
2023-08-15 12:24:35.031,,,,38,,,
2023-08-15 12:24:35.033,,,,,48,,
2023-08-15 12:24:35.035,,,,,,129,
2023-08-15 12:24:35.037,,,,,,,119
2023-08-15 12:24:35.116,,,,42,,,
2023-08-15 12:24:35.118,,,,,52,,
2023-08-15 12:24:35.120,,,,,,110,
2023-08-15 12:24:35.122,,,,,,,98
2023-08-15 12:24:35.189,,,,44,,,
2023-08-15 12:24:35.191,,,,,60,,
2023-08-15 12:24:35.194,,,,,,91,
2023-08-15 12:24:35.195,,,,,,,73
2023-08-15 12:24:35.269,,,,51,,,
2023-08-15 12:24:35.271,,,,,66,,
2023-08-15 12:24:35.272,,,,,,69,
2023-08-15 12:24:35.274,,,,,,,48
2023-08-15 12:24:35.335,61,,,,,,
2023-08-15 12:24:35.350,,,,61,,,
2023-08-15 12:24:35.352,,,,,77,,
2023-08-15 12:24:35.355,,,,,,36,
2023-08-15 12:24:35.357,,,,,,,19
2023-08-15 12:24:35.430,,,,65,,,
2023-08-15 12:24:35.432,,,,,82,,
2023-08-15 12:24:35.434,,,,,,24,
2023-08-15 12:24:35.437,,,,,,,6
2023-08-15 12:24:35.509,,,,73,,,
2023-08-15 12:24:35.511,,,,,89,,
2023-08-15 12:24:35.513,,,,,,14,
2023-08-15 12:24:35.514,,,,,,,1
2023-08-15 12:24:35.593,,,,80,,,
2023-08-15 12:24:35.595,,,,,94,,
2023-08-15 12:24:35.597,,,,,,7,
2023-08-15 12:24:35.599,,,,,,,4
2023-08-15 12:24:35.671,,,,85,,,
2023-08-15 12:24:35.673,,,,,98,,
2023-08-15 12:24:35.674,,,,,,1,
2023-08-15 12:24:35.676,,,,,,,6
2023-08-15 12:24:35.752,,,,97,,,
2023-08-15 12:24:35.755,,,,,106,,
2023-08-15 12:24:35.757,,,,,,3,
2023-08-15 12:24:35.758,,,,,,,11
2023-08-15 12:24:35.761,,,Right movement,,,,
2023-08-15 12:24:35.831,,,,102,,,
2023-08-15 12:24:35.833,,,,,108,,
2023-08-15 12:24:35.835,,,,,,5,
2023-08-15 12:24:35.837,,,,,,,12
2023-08-15 12:24:35.911,,,,105,,,
2023-08-15 12:24:35.913,,,,,111,,
2023-08-15 12:24:35.916,,,,,,6,
2023-08-15 12:24:35.918,,,,,,,12
2023-08-15 12:24:35.992,,,,107,,,
2023-08-15 12:24:35.994,,,,,113,,
2023-08-15 12:24:35.995,,,,,,7,
2023-08-15 12:24:35.997,,,,,,,11
2023-08-15 12:24:36.069,,,,108,,,
2023-08-15 12:24:36.071,,,,,114,,
2023-08-15 12:24:36.074,,,,,,7,
2023-08-15 12:24:36.076,,,,,,,11
2023-08-15 12:24:36.147,,,,108,,,
2023-08-15 12:24:36.149,,,,,114,,
2023-08-15 12:24:36.150,,,,,,6,
2023-08-15 12:24:36.152,,,,,,,10
2023-08-15 12:24:36.224,,,,109,,,
2023-08-15 12:24:36.227,,,,,114,,
2023-08-15 12:24:36.229,,,,,,6,
2023-08-15 12:24:36.231,,,,,,,9
2023-08-15 12:24:36.236,,,Right movement,,,,
2023-08-15 12:24:36.307,,,,110,,,
2023-08-15 12:24:36.309,,,,,115,,
2023-08-15 12:24:36.310,,,,,,6,
2023-08-15 12:24:36.313,,,,,,,8
2023-08-15 12:24:36.386,,,,109,,,
2023-08-15 12:24:36.388,,,,,114,,
2023-08-15 12:24:36.390,,,,,,6,
2023-08-15 12:24:36.392,,,,,,,8
2023-08-15 12:24:36.466,,,,109,,,
2023-08-15 12:24:36.468,,,,,113,,
2023-08-15 12:24:36.471,,,,,,5,
2023-08-15 12:24:36.473,,,,,,,7
2023-08-15 12:24:36.554,,,,109,,,
2023-08-15 12:24:36.556,,,,,113,,
2023-08-15 12:24:36.558,,,,,,4,
2023-08-15 12:24:36.560,,,,,,,7
2023-08-15 12:24:36.633,,,,109,,,
2023-08-15 12:24:36.635,,,,,112,,
2023-08-15 12:24:36.637,,,,,,4,
2023-08-15 12:24:36.639,,,,,,,6
2023-08-15 12:24:36.715,,,,108,,,
2023-08-15 12:24:36.717,,,,,111,,
2023-08-15 12:24:36.720,,,,,,5,
2023-08-15 12:24:36.721,,,,,,,6
2023-08-15 12:24:36.795,,,,107,,,
2023-08-15 12:24:36.796,,,,,110,,
2023-08-15 12:24:36.799,,,,,,5,
2023-08-15 12:24:36.801,,,,,,,6
2023-08-15 12:24:36.821,61,,,,,,
2023-08-15 12:24:36.882,,,,102,,,
2023-08-15 12:24:36.884,,,,,106,,
2023-08-15 12:24:36.886,,,,,,4,
2023-08-15 12:24:36.888,,,,,,,7
2023-08-15 12:24:36.958,,,,87,,,
2023-08-15 12:24:36.960,,,,,92,,
2023-08-15 12:24:36.962,,,,,,1,
2023-08-15 12:24:36.964,,,,,,,4
2023-08-15 12:24:37.041,,,,75,,,
2023-08-15 12:24:37.043,,,,,83,,
2023-08-15 12:24:37.044,,,,,,12,
2023-08-15 12:24:37.047,,,,,,,1
2023-08-15 12:24:37.122,,,,62,,,
2023-08-15 12:24:37.124,,,,,74,,
2023-08-15 12:24:37.125,,,,,,26,
2023-08-15 12:24:37.127,,,,,,,17
2023-08-15 12:24:37.200,,,,46,,,
2023-08-15 12:24:37.203,,,,,63,,
2023-08-15 12:24:37.204,,,,,,82,
2023-08-15 12:24:37.206,,,,,,,45
2023-08-15 12:24:37.276,,,,39,,,
2023-08-15 12:24:37.278,,,,,47,,
2023-08-15 12:24:37.280,,,,,,148,
2023-08-15 12:24:37.282,,,,,,,110
2023-08-15 12:24:37.315,61,,,,,,
2023-08-15 12:24:37.356,,,,32,,,
2023-08-15 12:24:37.359,,,,,37,,
2023-08-15 12:24:37.361,,,,,,162,
2023-08-15 12:24:37.363,,,,,,,141
2023-08-15 12:24:37.438,,,,27,,,
2023-08-15 12:24:37.440,,,,,29,,
2023-08-15 12:24:37.442,,,,,,166,
2023-08-15 12:24:37.443,,,,,,,160
2023-08-15 12:24:37.516,,,,23,,,
2023-08-15 12:24:37.518,,,,,23,,
2023-08-15 12:24:37.519,,,,,,170,
2023-08-15 12:24:37.521,,,,,,,167
2023-08-15 12:24:37.593,,,,20,,,
2023-08-15 12:24:37.595,,,,,20,,
2023-08-15 12:24:37.598,,,,,,173,
2023-08-15 12:24:37.600,,,,,,,170
2023-08-15 12:24:37.675,,,,17,,,
2023-08-15 12:24:37.676,,,,,16,,
2023-08-15 12:24:37.679,,,,,,171,
2023-08-15 12:24:37.681,,,,,,,174
2023-08-15 12:24:37.759,,,,15,,,
2023-08-15 12:24:37.761,,,,,15,,
2023-08-15 12:24:37.763,,,,,,170,
2023-08-15 12:24:37.765,,,,,,,175
2023-08-15 12:24:37.837,,,,15,,,
2023-08-15 12:24:37.839,,,,,15,,
2023-08-15 12:24:37.841,,,,,,168,
2023-08-15 12:24:37.843,,,,,,,174
2023-08-15 12:24:37.916,,,,14,,,
2023-08-15 12:24:37.918,,,,,15,,
2023-08-15 12:24:37.919,,,,,,168,
2023-08-15 12:24:37.921,,,,,,,173
2023-08-15 12:24:37.993,,,,14,,,
2023-08-15 12:24:37.995,,,,,15,,
2023-08-15 12:24:37.997,,,,,,166,
2023-08-15 12:24:37.998,,,,,,,172
2023-08-15 12:24:38.076,,,,14,,,
2023-08-15 12:24:38.078,,,,,15,,
2023-08-15 12:24:38.080,,,,,,166,
2023-08-15 12:24:38.081,,,,,,,169
2023-08-15 12:24:38.161,,,,14,,,
2023-08-15 12:24:38.163,,,,,16,,
2023-08-15 12:24:38.165,,,,,,165,
2023-08-15 12:24:38.166,,,,,,,168
2023-08-15 12:24:38.238,,,,14,,,
2023-08-15 12:24:38.240,,,,,16,,
2023-08-15 12:24:38.242,,,,,,165,
2023-08-15 12:24:38.244,,,,,,,168
2023-08-15 12:24:38.306,61,,,,,,
2023-08-15 12:24:38.319,,,,14,,,
2023-08-15 12:24:38.321,,,,,16,,
2023-08-15 12:24:38.324,,,,,,165,
2023-08-15 12:24:38.326,,,,,,,168
2023-08-15 12:24:38.397,,,,14,,,
2023-08-15 12:24:38.399,,,,,16,,
2023-08-15 12:24:38.401,,,,,,165,
2023-08-15 12:24:38.403,,,,,,,168
2023-08-15 12:24:38.478,,,,14,,,
2023-08-15 12:24:38.480,,,,,15,,
2023-08-15 12:24:38.483,,,,,,165,
2023-08-15 12:24:38.485,,,,,,,168
2023-08-15 12:24:38.558,,,,15,,,
2023-08-15 12:24:38.560,,,,,16,,
2023-08-15 12:24:38.562,,,,,,168,
2023-08-15 12:24:38.564,,,,,,,170
2023-08-15 12:24:38.645,,,,18,,,
2023-08-15 12:24:38.647,,,,,18,,
2023-08-15 12:24:38.650,,,,,,166,
2023-08-15 12:24:38.652,,,,,,,169
2023-08-15 12:24:38.725,,,,22,,,
2023-08-15 12:24:38.727,,,,,24,,
2023-08-15 12:24:38.729,,,,,,165,
2023-08-15 12:24:38.730,,,,,,,165
2023-08-15 12:24:38.802,,,,28,,,
2023-08-15 12:24:38.804,,,,,32,,
2023-08-15 12:24:38.806,,,,,,157,
2023-08-15 12:24:38.807,,,,,,,153
2023-08-15 12:24:38.878,,,,40,,,
2023-08-15 12:24:38.880,,,,,47,,
2023-08-15 12:24:38.881,,,,,,129,
2023-08-15 12:24:38.883,,,,,,,123
2023-08-15 12:24:38.949,,,,45,,,
2023-08-15 12:24:38.951,,,,,55,,
2023-08-15 12:24:38.952,,Well done! You are doing the right movement!,,,,,
2023-08-15 12:24:38.954,,,,,,98,
2023-08-15 12:24:38.955,,,,,,,97
2023-08-15 12:24:39.028,,,,50,,,
2023-08-15 12:24:39.030,,,,,66,,
2023-08-15 12:24:39.032,,,,,,67,
2023-08-15 12:24:39.034,,,,,,,59
2023-08-15 12:24:39.110,,,,61,,,
2023-08-15 12:24:39.112,,,,,75,,
2023-08-15 12:24:39.114,,,,,,42,
2023-08-15 12:24:39.117,,,,,,,32
2023-08-15 12:24:39.191,,,,67,,,
2023-08-15 12:24:39.193,,,,,81,,
2023-08-15 12:24:39.195,,,,,,31,
2023-08-15 12:24:39.197,,,,,,,16
2023-08-15 12:24:39.268,,,,78,,,
2023-08-15 12:24:39.270,,,,,92,,
2023-08-15 12:24:39.273,,,,,,8,
2023-08-15 12:24:39.274,,,,,,,1
2023-08-15 12:24:39.295,61,,,,,,
2023-08-15 12:24:39.354,,,,85,,,
2023-08-15 12:24:39.356,,,,,96,,
2023-08-15 12:24:39.358,,,,,,1,
2023-08-15 12:24:39.360,,,,,,,7
2023-08-15 12:24:39.438,,,,92,,,
2023-08-15 12:24:39.441,,,,,102,,
2023-08-15 12:24:39.444,,,,,,5,
2023-08-15 12:24:39.446,,,,,,,15
2023-08-15 12:24:39.525,,,,97,,,
2023-08-15 12:24:39.527,,,,,105,,
2023-08-15 12:24:39.530,,,,,,9,
2023-08-15 12:24:39.532,,,,,,,18
2023-08-15 12:24:39.609,,,,101,,,
2023-08-15 12:24:39.611,,,,,108,,
2023-08-15 12:24:39.613,,,,,,11,
2023-08-15 12:24:39.615,,,,,,,20
2023-08-15 12:24:39.619,,,Right movement,,,,
2023-08-15 12:24:39.694,,,,104,,,
2023-08-15 12:24:39.697,,,,,109,,
2023-08-15 12:24:39.699,,,,,,11,
2023-08-15 12:24:39.701,,,,,,,21
2023-08-15 12:24:39.776,,,,105,,,
2023-08-15 12:24:39.778,,,,,108,,
2023-08-15 12:24:39.780,,,,,,11,
2023-08-15 12:24:39.782,,,,,,,19
2023-08-15 12:24:39.861,,,,106,,,
2023-08-15 12:24:39.864,,,,,108,,
2023-08-15 12:24:39.866,,,,,,10,
2023-08-15 12:24:39.868,,,,,,,16
2023-08-15 12:24:39.948,,,,107,,,
2023-08-15 12:24:39.950,,,,,108,,
2023-08-15 12:24:39.951,,,,,,9,
2023-08-15 12:24:39.954,,,,,,,15
2023-08-15 12:24:40.036,,,,108,,,
2023-08-15 12:24:40.038,,,,,110,,
2023-08-15 12:24:40.041,,,,,,9,
2023-08-15 12:24:40.043,,,,,,,14
2023-08-15 12:24:40.123,,,,109,,,
2023-08-15 12:24:40.125,,,,,111,,
2023-08-15 12:24:40.127,,,,,,9,
2023-08-15 12:24:40.130,,,,,,,14
2023-08-15 12:24:40.204,,,,108,,,
2023-08-15 12:24:40.206,,,,,111,,
2023-08-15 12:24:40.208,,,,,,9,
2023-08-15 12:24:40.210,,,,,,,14
2023-08-15 12:24:40.283,,,,107,,,
2023-08-15 12:24:40.285,,,,,111,,
2023-08-15 12:24:40.285,61,,,,,,
2023-08-15 12:24:40.287,,,,,,9,
2023-08-15 12:24:40.289,,,,,,,14
2023-08-15 12:24:40.362,,,,107,,,
2023-08-15 12:24:40.364,,,,,109,,
2023-08-15 12:24:40.366,,,,,,8,
2023-08-15 12:24:40.367,,,,,,,13
2023-08-15 12:24:40.444,,,,106,,,
2023-08-15 12:24:40.446,,,,,108,,
2023-08-15 12:24:40.448,,,,,,8,
2023-08-15 12:24:40.450,,,,,,,13
2023-08-15 12:24:40.525,,,,105,,,
2023-08-15 12:24:40.527,,,,,108,,
2023-08-15 12:24:40.528,,,,,,7,
2023-08-15 12:24:40.531,,,,,,,12
2023-08-15 12:24:40.603,,,,94,,,
2023-08-15 12:24:40.606,,,,,97,,
2023-08-15 12:24:40.608,,,,,,7,
2023-08-15 12:24:40.610,,,,,,,12
2023-08-15 12:24:40.681,,,,83,,,
2023-08-15 12:24:40.682,,,,,86,,
2023-08-15 12:24:40.684,,,,,,2,
2023-08-15 12:24:40.686,,,,,,,8
2023-08-15 12:24:40.761,,,,70,,,
2023-08-15 12:24:40.763,,,,,78,,
2023-08-15 12:24:40.765,,,,,,5,
2023-08-15 12:24:40.767,,,,,,,0
2023-08-15 12:24:40.844,,,,58,,,
2023-08-15 12:24:40.846,,,,,69,,
2023-08-15 12:24:40.848,,,,,,23,
2023-08-15 12:24:40.850,,,,,,,13
2023-08-15 12:24:40.923,,,,46,,,
2023-08-15 12:24:40.925,,,,,58,,
2023-08-15 12:24:40.928,,,,,,133,
2023-08-15 12:24:40.930,,,,,,,40
2023-08-15 12:24:41.004,,,,42,,,
2023-08-15 12:24:41.006,,,,,48,,
2023-08-15 12:24:41.008,,,,,,146,
2023-08-15 12:24:41.010,,,,,,,115
2023-08-15 12:24:41.084,,,,36,,,
2023-08-15 12:24:41.086,,,,,39,,
2023-08-15 12:24:41.087,,,,,,159,
2023-08-15 12:24:41.089,,,,,,,141
2023-08-15 12:24:41.164,,,,30,,,
2023-08-15 12:24:41.166,,,,,31,,
2023-08-15 12:24:41.168,,,,,,167,
2023-08-15 12:24:41.170,,,,,,,160
2023-08-15 12:24:41.243,,,,26,,,
2023-08-15 12:24:41.245,,,,,25,,
2023-08-15 12:24:41.247,,,,,,170,
2023-08-15 12:24:41.249,,,,,,,168
2023-08-15 12:24:41.275,61,,,,,,
2023-08-15 12:24:41.325,,,,22,,,
2023-08-15 12:24:41.327,,,,,21,,
2023-08-15 12:24:41.329,,,,,,175,
2023-08-15 12:24:41.330,,,,,,,171
2023-08-15 12:24:41.405,,,,17,,,
2023-08-15 12:24:41.407,,,,,17,,
2023-08-15 12:24:41.409,,,,,,173,
2023-08-15 12:24:41.411,,,,,,,175
2023-08-15 12:24:41.486,,,,15,,,
2023-08-15 12:24:41.488,,,,,16,,
2023-08-15 12:24:41.491,,,,,,171,
2023-08-15 12:24:41.493,,,,,,,175
2023-08-15 12:24:41.568,,,,14,,,
2023-08-15 12:24:41.570,,,,,15,,
2023-08-15 12:24:41.571,,,,,,170,
2023-08-15 12:24:41.573,,,,,,,173
2023-08-15 12:24:41.648,,,,14,,,
2023-08-15 12:24:41.650,,,,,16,,
2023-08-15 12:24:41.653,,,,,,166,
2023-08-15 12:24:41.655,,,,,,,172
2023-08-15 12:24:41.730,,,,14,,,
2023-08-15 12:24:41.732,,,,,16,,
2023-08-15 12:24:41.734,,,,,,163,
2023-08-15 12:24:41.736,,,,,,,170
2023-08-15 12:24:41.809,,,,14,,,
2023-08-15 12:24:41.811,,,,,16,,
2023-08-15 12:24:41.813,,,,,,163,
2023-08-15 12:24:41.814,,,,,,,169
2023-08-15 12:24:41.890,,,,14,,,
2023-08-15 12:24:41.892,,,,,16,,
2023-08-15 12:24:41.894,,,,,,164,
2023-08-15 12:24:41.896,,,,,,,168
2023-08-15 12:24:41.966,,,,14,,,
2023-08-15 12:24:41.968,,,,,16,,
2023-08-15 12:24:41.970,,,,,,165,
2023-08-15 12:24:41.973,,,,,,,167
2023-08-15 12:24:42.047,,,,14,,,
2023-08-15 12:24:42.049,,,,,16,,
2023-08-15 12:24:42.051,,,,,,164,
2023-08-15 12:24:42.052,,,,,,,167
2023-08-15 12:24:42.132,,,,14,,,
2023-08-15 12:24:42.135,,,,,16,,
2023-08-15 12:24:42.137,,,,,,164,
2023-08-15 12:24:42.139,,,,,,,167
2023-08-15 12:24:42.212,,,,14,,,
2023-08-15 12:24:42.214,,,,,15,,
2023-08-15 12:24:42.216,,,,,,166,
2023-08-15 12:24:42.218,,,,,,,167
2023-08-15 12:24:42.266,62,,,,,,
2023-08-15 12:24:42.292,,,,14,,,
2023-08-15 12:24:42.294,,,,,15,,
2023-08-15 12:24:42.297,,,,,,168,
2023-08-15 12:24:42.299,,,,,,,168
2023-08-15 12:24:42.370,,,,17,,,
2023-08-15 12:24:42.372,,,,,17,,
2023-08-15 12:24:42.374,,,,,,165,
2023-08-15 12:24:42.376,,,,,,,169
2023-08-15 12:24:42.445,,,,20,,,
2023-08-15 12:24:42.447,,,,,20,,
2023-08-15 12:24:42.449,,,,,,165,
2023-08-15 12:24:42.451,,,,,,,171
2023-08-15 12:24:42.524,,,,28,,,
2023-08-15 12:24:42.526,,,,,34,,
2023-08-15 12:24:42.528,,,,,,156,
2023-08-15 12:24:42.530,,,,,,,156
2023-08-15 12:24:42.601,,,,35,,,
2023-08-15 12:24:42.604,,,,,42,,
2023-08-15 12:24:42.607,,,,,,146,
2023-08-15 12:24:42.609,,,,,,,144
2023-08-15 12:24:42.679,,,,40,,,
2023-08-15 12:24:42.681,,,,,49,,
2023-08-15 12:24:42.683,,,,,,132,
2023-08-15 12:24:42.685,,,,,,,127
2023-08-15 12:24:42.754,,,,44,,,
2023-08-15 12:24:42.756,,,,,55,,
2023-08-15 12:24:42.758,,,,,,114,
2023-08-15 12:24:42.759,,,,,,,102
2023-08-15 12:24:42.833,,,,45,,,
2023-08-15 12:24:42.835,,,,,62,,
2023-08-15 12:24:42.838,,,,,,90,
2023-08-15 12:24:42.839,,,,,,,79
2023-08-15 12:24:42.910,,,,52,,,
2023-08-15 12:24:42.912,,,,,67,,
2023-08-15 12:24:42.914,,,,,,56,
2023-08-15 12:24:42.915,,,,,,,34
2023-08-15 12:24:42.987,,,,65,,,
2023-08-15 12:24:42.990,,,,,78,,
2023-08-15 12:24:42.991,,,,,,32,
2023-08-15 12:24:42.994,,,,,,,8
2023-08-15 12:24:43.073,,,,73,,,
2023-08-15 12:24:43.074,,,,,83,,
2023-08-15 12:24:43.076,,,,,,21,
2023-08-15 12:24:43.078,,,,,,,3
2023-08-15 12:24:43.150,,,,78,,,
2023-08-15 12:24:43.151,,,,,90,,
2023-08-15 12:24:43.153,,,,,,12,
2023-08-15 12:24:43.155,,,,,,,0
2023-08-15 12:24:43.226,,,,83,,,
2023-08-15 12:24:43.228,,,,,94,,
2023-08-15 12:24:43.230,,,,,,1,
2023-08-15 12:24:43.232,,,,,,,7
2023-08-15 12:24:43.237,,,Right movement,,,,
2023-08-15 12:24:43.255,62,,,,,,
2023-08-15 12:24:43.316,,,,89,,,
2023-08-15 12:24:43.318,,,,,97,,
2023-08-15 12:24:43.320,,,,,,1,
2023-08-15 12:24:43.322,,,,,,,8
2023-08-15 12:24:43.395,,,,94,,,
2023-08-15 12:24:43.397,,,,,99,,
2023-08-15 12:24:43.399,,,,,,5,
2023-08-15 12:24:43.400,,,,,,,12
2023-08-15 12:24:43.472,,,,96,,,
2023-08-15 12:24:43.475,,,,,101,,
2023-08-15 12:24:43.477,,,,,,8,
2023-08-15 12:24:43.479,,,,,,,13
2023-08-15 12:24:43.556,,,,97,,,
2023-08-15 12:24:43.558,,,,,102,,
2023-08-15 12:24:43.559,,,,,,8,
2023-08-15 12:24:43.561,,,,,,,14
2023-08-15 12:24:43.644,,,,97,,,
2023-08-15 12:24:43.646,,,,,103,,
2023-08-15 12:24:43.648,,,,,,9,
2023-08-15 12:24:43.650,,,,,,,14
2023-08-15 12:24:43.722,,,,98,,,
2023-08-15 12:24:43.724,,,,,103,,
2023-08-15 12:24:43.726,,,,,,8,
2023-08-15 12:24:43.729,,,,,,,14
2023-08-15 12:24:43.732,,,Right movement,,,,
2023-08-15 12:24:43.806,,,,98,,,
2023-08-15 12:24:43.808,,,,,104,,
2023-08-15 12:24:43.810,,,,,,8,
2023-08-15 12:24:43.812,,,,,,,14
2023-08-15 12:24:43.887,,,,100,,,
2023-08-15 12:24:43.892,,,,,106,,
2023-08-15 12:24:43.893,,,,,,7,
2023-08-15 12:24:43.896,,,,,,,12
2023-08-15 12:24:43.970,,,,100,,,
2023-08-15 12:24:43.972,,,,,106,,
2023-08-15 12:24:43.974,,,,,,7,
2023-08-15 12:24:43.976,,,,,,,10
2023-08-15 12:24:44.046,,,,99,,,
2023-08-15 12:24:44.048,,,,,105,,
2023-08-15 12:24:44.050,,,,,,5,
2023-08-15 12:24:44.052,,,,,,,8
2023-08-15 12:24:44.127,,,,98,,,
2023-08-15 12:24:44.128,,,,,104,,
2023-08-15 12:24:44.130,,,,,,5,
2023-08-15 12:24:44.131,,,,,,,7
2023-08-15 12:24:44.204,,,,98,,,
2023-08-15 12:24:44.206,,,,,104,,
2023-08-15 12:24:44.208,,,,,,4,
2023-08-15 12:24:44.209,,,,,,,7
2023-08-15 12:24:44.213,,,Right movement,,,,
2023-08-15 12:24:44.245,62,,,,,,
2023-08-15 12:24:44.287,,,,98,,,
2023-08-15 12:24:44.290,,,,,104,,
2023-08-15 12:24:44.292,,,,,,4,
2023-08-15 12:24:44.294,,,,,,,6
2023-08-15 12:24:44.365,,,,98,,,
2023-08-15 12:24:44.367,,,,,104,,
2023-08-15 12:24:44.369,,,,,,3,
2023-08-15 12:24:44.370,,,,,,,6
2023-08-15 12:24:44.440,,,,98,,,
2023-08-15 12:24:44.442,,,,,104,,
2023-08-15 12:24:44.444,,,,,,3,
2023-08-15 12:24:44.446,,,,,,,6
2023-08-15 12:24:44.517,,,,98,,,
2023-08-15 12:24:44.519,,,,,104,,
2023-08-15 12:24:44.521,,,,,,3,
2023-08-15 12:24:44.522,,,,,,,5
2023-08-15 12:24:44.591,,,,97,,,
2023-08-15 12:24:44.593,,,,,103,,
2023-08-15 12:24:44.595,,,,,,3,
2023-08-15 12:24:44.598,,,,,,,5
2023-08-15 12:24:44.674,,,,97,,,
2023-08-15 12:24:44.676,,,,,102,,
2023-08-15 12:24:44.678,,,,,,3,
2023-08-15 12:24:44.680,,,,,,,5
2023-08-15 12:24:44.753,,,,92,,,
2023-08-15 12:24:44.755,,,,,99,,
2023-08-15 12:24:44.756,,,,,,0,
2023-08-15 12:24:44.758,,,,,,,5
2023-08-15 12:24:44.831,,,,79,,,
2023-08-15 12:24:44.833,,,,,90,,
2023-08-15 12:24:44.835,,,,,,12,
2023-08-15 12:24:44.837,,,,,,,1
2023-08-15 12:24:44.912,,,,67,,,
2023-08-15 12:24:44.914,,,,,78,,
2023-08-15 12:24:44.916,,,,,,28,
2023-08-15 12:24:44.918,,,,,,,17
2023-08-15 12:24:44.991,,,,49,,,
2023-08-15 12:24:44.993,,,,,64,,
2023-08-15 12:24:44.994,,,,,,69,
2023-08-15 12:24:44.996,,,,,,,34
2023-08-15 12:24:45.065,,,,37,,,
2023-08-15 12:24:45.067,,,,,49,,
2023-08-15 12:24:45.069,,,,,,149,
2023-08-15 12:24:45.071,,,,,,,102
2023-08-15 12:24:45.144,,,,30,,,
2023-08-15 12:24:45.146,,,,,38,,
2023-08-15 12:24:45.148,,,,,,163,
2023-08-15 12:24:45.150,,,,,,,137
2023-08-15 12:24:45.226,,,,26,,,
2023-08-15 12:24:45.228,,,,,27,,
2023-08-15 12:24:45.230,,,,,,168,
2023-08-15 12:24:45.232,,,,,,,163
2023-08-15 12:24:45.235,62,,,,,,
2023-08-15 12:24:45.305,,,,22,,,
2023-08-15 12:24:45.306,,,,,22,,
2023-08-15 12:24:45.308,,,,,,172,
2023-08-15 12:24:45.310,,,,,,,170
2023-08-15 12:24:45.381,,,,20,,,
2023-08-15 12:24:45.382,,,,,18,,
2023-08-15 12:24:45.384,,,,,,175,
2023-08-15 12:24:45.386,,,,,,,173
2023-08-15 12:24:45.458,,,,17,,,
2023-08-15 12:24:45.460,,,,,15,,
2023-08-15 12:24:45.462,,,,,,171,
2023-08-15 12:24:45.464,,,,,,,174
2023-08-15 12:24:45.536,,,,17,,,
2023-08-15 12:24:45.538,,,,,15,,
2023-08-15 12:24:45.539,,,,,,167,
2023-08-15 12:24:45.541,,,,,,,174
2023-08-15 12:24:45.614,,,,16,,,
2023-08-15 12:24:45.616,,,,,15,,
2023-08-15 12:24:45.618,,,,,,166,
2023-08-15 12:24:45.621,,,,,,,174
2023-08-15 12:24:45.696,,,,15,,,
2023-08-15 12:24:45.699,,,,,14,,
2023-08-15 12:24:45.701,,,,,,166,
2023-08-15 12:24:45.703,,,,,,,174
2023-08-15 12:24:45.775,,,,15,,,
2023-08-15 12:24:45.777,,,,,15,,
2023-08-15 12:24:45.778,,,,,,165,
2023-08-15 12:24:45.780,,,,,,,172
2023-08-15 12:24:45.850,,,,15,,,
2023-08-15 12:24:45.852,,,,,15,,
2023-08-15 12:24:45.854,,,,,,165,
2023-08-15 12:24:45.855,,,,,,,171
2023-08-15 12:24:45.926,,,,15,,,
2023-08-15 12:24:45.928,,,,,15,,
2023-08-15 12:24:45.930,,,,,,164,
2023-08-15 12:24:45.932,,,,,,,170
2023-08-15 12:24:46.002,,,,15,,,
2023-08-15 12:24:46.004,,,,,14,,
2023-08-15 12:24:46.006,,,,,,164,
2023-08-15 12:24:46.007,,,,,,,170
2023-08-15 12:24:46.084,,,,16,,,
2023-08-15 12:24:46.086,,,,,15,,
2023-08-15 12:24:46.087,,,,,,165,
2023-08-15 12:24:46.089,,,,,,,171
2023-08-15 12:24:46.160,,,,17,,,
2023-08-15 12:24:46.162,,,,,15,,
2023-08-15 12:24:46.163,,,,,,166,
2023-08-15 12:24:46.165,,,,,,,173
2023-08-15 12:24:46.225,62,,,,,,
2023-08-15 12:24:46.235,,,,19,,,
2023-08-15 12:24:46.237,,,,,17,,
2023-08-15 12:24:46.240,,,,,,168,
2023-08-15 12:24:46.242,,,,,,,175
2023-08-15 12:24:46.319,,,,22,,,
2023-08-15 12:24:46.322,,,,,20,,
2023-08-15 12:24:46.324,,,,,,167,
2023-08-15 12:24:46.326,,,,,,,174
2023-08-15 12:24:46.400,,,,32,,,
2023-08-15 12:24:46.402,,,,,34,,
2023-08-15 12:24:46.404,,,,,,153,
2023-08-15 12:24:46.406,,,,,,,153
2023-08-15 12:24:46.477,,,,41,,,
2023-08-15 12:24:46.479,,,,,42,,
2023-08-15 12:24:46.481,,,,,,132,
2023-08-15 12:24:46.484,,,,,,,135
2023-08-15 12:24:46.552,,,,44,,,
2023-08-15 12:24:46.554,,,,,49,,
2023-08-15 12:24:46.556,,,,,,102,
2023-08-15 12:24:46.558,,,,,,,100
2023-08-15 12:24:46.630,,,,50,,,
2023-08-15 12:24:46.632,,,,,53,,
2023-08-15 12:24:46.634,,,,,,67,
2023-08-15 12:24:46.635,,,,,,,54
2023-08-15 12:24:46.706,,,,61,,,
2023-08-15 12:24:46.708,,,,,65,,
2023-08-15 12:24:46.709,,,,,,45,
2023-08-15 12:24:46.711,,,,,,,33
2023-08-15 12:24:46.781,,,,75,,,
2023-08-15 12:24:46.783,,,,,81,,
2023-08-15 12:24:46.784,,,,,,20,
2023-08-15 12:24:46.786,,,,,,,9
2023-08-15 12:24:46.857,,,,82,,,
2023-08-15 12:24:46.859,,,,,90,,
2023-08-15 12:24:46.861,,,,,,8,
2023-08-15 12:24:46.863,,,,,,,0
2023-08-15 12:24:46.936,,,,86,,,
2023-08-15 12:24:46.938,,,,,93,,
2023-08-15 12:24:46.940,,,,,,3,
2023-08-15 12:24:46.942,,,,,,,4
2023-08-15 12:24:47.011,,,,93,,,
2023-08-15 12:24:47.013,,,,,97,,
2023-08-15 12:24:47.015,,,,,,1,
2023-08-15 12:24:47.017,,,,,,,7
2023-08-15 12:24:47.021,,,Right movement,,,,
2023-08-15 12:24:47.092,,,,96,,,
2023-08-15 12:24:47.094,,,,,102,,
2023-08-15 12:24:47.096,,,,,,5,
2023-08-15 12:24:47.099,,,,,,,11
2023-08-15 12:24:47.172,,,,99,,,
2023-08-15 12:24:47.174,,,,,104,,
2023-08-15 12:24:47.175,,,,,,7,
2023-08-15 12:24:47.177,,,,,,,13
2023-08-15 12:24:47.215,62,,,,,,
2023-08-15 12:24:47.248,,,,101,,,
2023-08-15 12:24:47.250,,,,,105,,
2023-08-15 12:24:47.252,,,,,,8,
2023-08-15 12:24:47.255,,,,,,,14
2023-08-15 12:24:47.332,,,,103,,,
2023-08-15 12:24:47.334,,,,,106,,
2023-08-15 12:24:47.336,,,,,,8,
2023-08-15 12:24:47.338,,,,,,,13
2023-08-15 12:24:47.413,,,,103,,,
2023-08-15 12:24:47.415,,,,,106,,
2023-08-15 12:24:47.417,,,,,,7,
2023-08-15 12:24:47.418,,,,,,,13
2023-08-15 12:24:47.493,,,,102,,,
2023-08-15 12:24:47.495,,,,,106,,
2023-08-15 12:24:47.496,,,,,,7,
2023-08-15 12:24:47.498,,,,,,,12
2023-08-15 12:24:47.501,,,Right movement,,,,
2023-08-15 12:24:47.574,,,,102,,,
2023-08-15 12:24:47.576,,,,,106,,
2023-08-15 12:24:47.578,,,,,,6,
2023-08-15 12:24:47.579,,,,,,,11
2023-08-15 12:24:47.649,,,,101,,,
2023-08-15 12:24:47.651,,,,,105,,
2023-08-15 12:24:47.653,,,,,,6,
2023-08-15 12:24:47.655,,,,,,,9
2023-08-15 12:24:47.729,,,,99,,,
2023-08-15 12:24:47.730,,,,,105,,
2023-08-15 12:24:47.732,,,,,,4,
2023-08-15 12:24:47.734,,,,,,,8
2023-08-15 12:24:47.808,,,,99,,,
2023-08-15 12:24:47.810,,,,,105,,
2023-08-15 12:24:47.812,,,,,,4,
2023-08-15 12:24:47.814,,,,,,,7
2023-08-15 12:24:47.885,,,,98,,,
2023-08-15 12:24:47.887,,,,,105,,
2023-08-15 12:24:47.889,,,,,,4,
2023-08-15 12:24:47.891,,,,,,,6
2023-08-15 12:24:47.969,,,,98,,,
2023-08-15 12:24:47.970,,,,,104,,
2023-08-15 12:24:47.972,,,,,,4,
2023-08-15 12:24:47.974,,,,,,,7
2023-08-15 12:24:48.044,,,,98,,,
2023-08-15 12:24:48.046,,,,,104,,
2023-08-15 12:24:48.048,,,,,,5,
2023-08-15 12:24:48.050,,,,,,,7
2023-08-15 12:24:48.123,,,,93,,,
2023-08-15 12:24:48.125,,,,,102,,
2023-08-15 12:24:48.128,,,,,,4,
2023-08-15 12:24:48.130,,,,,,,9
2023-08-15 12:24:48.202,,,,73,,,
2023-08-15 12:24:48.203,,,,,81,,
2023-08-15 12:24:48.205,63,,,,,,
2023-08-15 12:24:48.206,,,,,,1,
2023-08-15 12:24:48.208,,,,,,,4
2023-08-15 12:24:48.281,,,,59,,,
2023-08-15 12:24:48.282,,,,,68,,
2023-08-15 12:24:48.284,,,,,,11,
2023-08-15 12:24:48.286,,,,,,,14
2023-08-15 12:24:48.355,,,,47,,,
2023-08-15 12:24:48.357,,,,,57,,
2023-08-15 12:24:48.359,,,,,,120,
2023-08-15 12:24:48.361,,,,,,,44
2023-08-15 12:24:48.427,,,,45,,,
2023-08-15 12:24:48.429,,,,,49,,
2023-08-15 12:24:48.431,,,,,,137,
2023-08-15 12:24:48.433,,,,,,,93
2023-08-15 12:24:48.503,,,,39,,,
2023-08-15 12:24:48.504,,,,,42,,
2023-08-15 12:24:48.506,,,,,,152,
2023-08-15 12:24:48.508,,,,,,,122
2023-08-15 12:24:48.578,,,,28,,,
2023-08-15 12:24:48.580,,,,,29,,
2023-08-15 12:24:48.581,,,,,,168,
2023-08-15 12:24:48.583,,,,,,,155
2023-08-15 12:24:48.654,,,,22,,,
2023-08-15 12:24:48.656,,,,,23,,
2023-08-15 12:24:48.658,,,,,,175,
2023-08-15 12:24:48.660,,,,,,,163
2023-08-15 12:24:48.731,,,,19,,,
2023-08-15 12:24:48.733,,,,,19,,
2023-08-15 12:24:48.735,,,,,,175,
2023-08-15 12:24:48.736,,,,,,,168
2023-08-15 12:24:48.812,,,,17,,,
2023-08-15 12:24:48.814,,,,,17,,
2023-08-15 12:24:48.817,,,,,,173,
2023-08-15 12:24:48.819,,,,,,,171
2023-08-15 12:24:48.891,,,,17,,,
2023-08-15 12:24:48.893,,,,,16,,
2023-08-15 12:24:48.895,,,,,,169,
2023-08-15 12:24:48.896,,,,,,,172
2023-08-15 12:24:48.965,,,,16,,,
2023-08-15 12:24:48.967,,,,,15,,
2023-08-15 12:24:48.969,,,,,,168,
2023-08-15 12:24:48.971,,,,,,,173
2023-08-15 12:24:49.054,,,,16,,,
2023-08-15 12:24:49.056,,,,,15,,
2023-08-15 12:24:49.058,,,,,,167,
2023-08-15 12:24:49.059,,,,,,,173
2023-08-15 12:24:49.132,,,,15,,,
2023-08-15 12:24:49.133,,,,,15,,
2023-08-15 12:24:49.135,,,,,,166,
2023-08-15 12:24:49.137,,,,,,,171
2023-08-15 12:24:49.195,63,,,,,,
2023-08-15 12:24:49.208,,,,15,,,
2023-08-15 12:24:49.210,,,,,15,,
2023-08-15 12:24:49.213,,,,,,166,
2023-08-15 12:24:49.215,,,,,,,169
2023-08-15 12:24:49.288,,,,15,,,
2023-08-15 12:24:49.290,,,,,15,,
2023-08-15 12:24:49.291,,,,,,166,
2023-08-15 12:24:49.293,,,,,,,169
2023-08-15 12:24:49.370,,,,15,,,
2023-08-15 12:24:49.372,,,,,15,,
2023-08-15 12:24:49.373,,,,,,166,
2023-08-15 12:24:49.375,,,,,,,168
2023-08-15 12:24:49.444,,,,15,,,
2023-08-15 12:24:49.446,,,,,15,,
2023-08-15 12:24:49.448,,,,,,166,
2023-08-15 12:24:49.449,,,,,,,169
2023-08-15 12:24:49.523,,,,16,,,
2023-08-15 12:24:49.526,,,,,15,,
2023-08-15 12:24:49.528,,,,,,166,
2023-08-15 12:24:49.530,,,,,,,169
2023-08-15 12:24:49.608,,,,17,,,
2023-08-15 12:24:49.610,,,,,15,,
2023-08-15 12:24:49.612,,,,,,166,
2023-08-15 12:24:49.614,,,,,,,172
2023-08-15 12:24:49.686,,,,19,,,
2023-08-15 12:24:49.688,,,,,17,,
2023-08-15 12:24:49.690,,,,,,168,
2023-08-15 12:24:49.692,,,,,,,174
2023-08-15 12:24:49.769,,,,23,,,
2023-08-15 12:24:49.771,,,,,23,,
2023-08-15 12:24:49.773,,,,,,168,
2023-08-15 12:24:49.775,,,,,,,173
2023-08-15 12:24:49.846,,,,29,,,
2023-08-15 12:24:49.848,,,,,31,,
2023-08-15 12:24:49.850,,,,,,165,
2023-08-15 12:24:49.852,,,,,,,168
2023-08-15 12:24:49.925,,,,35,,,
2023-08-15 12:24:49.927,,,,,39,,
2023-08-15 12:24:49.929,,,,,,160,
2023-08-15 12:24:49.930,,,,,,,161
2023-08-15 12:24:50.002,,,,45,,,
2023-08-15 12:24:50.004,,,,,49,,
2023-08-15 12:24:50.006,,,,,,131,
2023-08-15 12:24:50.009,,,,,,,147
2023-08-15 12:24:50.085,,,,48,,,
2023-08-15 12:24:50.086,,,,,57,,
2023-08-15 12:24:50.088,,,,,,52,
2023-08-15 12:24:50.091,,,,,,,97
2023-08-15 12:24:50.161,,,,62,,,
2023-08-15 12:24:50.163,,,,,68,,
2023-08-15 12:24:50.165,,,,,,31,
2023-08-15 12:24:50.166,,,,,,,13
2023-08-15 12:24:50.186,63,,,,,,
2023-08-15 12:24:50.241,,,,70,,,
2023-08-15 12:24:50.243,,,,,77,,
2023-08-15 12:24:50.245,,,,,,21,
2023-08-15 12:24:50.246,,,,,,,2
2023-08-15 12:24:50.319,,,,77,,,
2023-08-15 12:24:50.321,,,,,86,,
2023-08-15 12:24:50.323,,,,,,9,
2023-08-15 12:24:50.324,,,,,,,4
2023-08-15 12:24:50.396,,,,88,,,
2023-08-15 12:24:50.398,,,,,97,,
2023-08-15 12:24:50.400,,,,,,0,
2023-08-15 12:24:50.402,,,,,,,9
2023-08-15 12:24:50.474,,,,95,,,
2023-08-15 12:24:50.476,,,,,98,,
2023-08-15 12:24:50.479,,,,,,4,
2023-08-15 12:24:50.481,,,,,,,10
2023-08-15 12:24:50.551,,,,95,,,
2023-08-15 12:24:50.553,,,,,100,,
2023-08-15 12:24:50.555,,,,,,5,
2023-08-15 12:24:50.557,,,,,,,11
2023-08-15 12:24:50.560,,,Right movement,,,,
2023-08-15 12:24:50.632,,,,96,,,
2023-08-15 12:24:50.634,,,,,101,,
2023-08-15 12:24:50.635,,,,,,6,
2023-08-15 12:24:50.637,,,,,,,12
