Timestamp,Heart_rate,Feedback,Movement,Right shoulder angle,Left shoulder angle,Right elbow angle,Left elbow angle
2023-08-15 14:29:27.267,63,,,,,,
2023-08-15 14:29:28.255,63,,,,,,
2023-08-15 14:29:29.245,62,,,,,,
2023-08-15 14:29:30.235,62,,,,,,
2023-08-15 14:29:31.720,62,,,,,,
2023-08-15 14:29:32.215,61,,,,,,
2023-08-15 14:29:33.206,61,,,,,,
2023-08-15 14:29:34.195,61,,,,,,
2023-08-15 14:29:35.185,62,,,,,,
2023-08-15 14:29:36.175,62,,,,,,
2023-08-15 14:29:37.165,62,,,,,,
2023-08-15 14:29:38.156,62,,,,,,
2023-08-15 14:29:39.145,63,,,,,,
2023-08-15 14:29:40.135,63,,,,,,
2023-08-15 14:29:41.125,63,,,,,,
2023-08-15 14:29:42.116,63,,,,,,
2023-08-15 14:29:43.106,62,,,,,,
2023-08-15 14:29:44.096,62,,,,,,
2023-08-15 14:29:45.086,62,,,,,,
2023-08-15 14:29:46.075,62,,,,,,
2023-08-15 14:29:47.065,62,,,,,,
2023-08-15 14:29:48.055,62,,,,,,
2023-08-15 14:29:49.540,62,,,,,,
2023-08-15 14:29:50.035,62,,,,,,
2023-08-15 14:29:51.025,62,,,,,,
2023-08-15 14:29:52.016,61,,,,,,
2023-08-15 14:29:53.006,61,,,,,,
2023-08-15 14:29:53.996,61,,,,,,
2023-08-15 14:29:54.985,61,,,,,,
2023-08-15 14:29:55.975,61,,,,,,
2023-08-15 14:29:57.460,61,,,,,,
2023-08-15 14:29:58.450,61,,,,,,
2023-08-15 14:29:59.441,61,,,,,,
2023-08-15 14:30:00.430,61,,,,,,
2023-08-15 14:30:01.421,61,,,,,,
2023-08-15 14:30:02.410,61,,,,,,
2023-08-15 14:30:03.401,61,,,,,,
2023-08-15 14:30:04.390,61,,,,,,
2023-08-15 14:30:05.380,60,,,,,,
2023-08-15 14:30:06.370,60,,,,,,
2023-08-15 14:30:07.360,59,,,,,,
2023-08-15 14:30:08.350,59,,,,,,
2023-08-15 14:30:09.341,59,,,,,,
2023-08-15 14:30:10.331,59,,,,,,
2023-08-15 14:30:11.320,59,,,,,,
2023-08-15 14:30:12.311,59,,,,,,
2023-08-15 14:30:13.301,59,,,,,,
2023-08-15 14:30:14.290,58,,,,,,
2023-08-15 14:30:15.281,58,,,,,,
2023-08-15 14:30:16.270,58,,,,,,
2023-08-15 14:30:17.261,58,,,,,,
2023-08-15 14:30:18.250,58,,,,,,
2023-08-15 14:30:19.240,57,,,,,,
2023-08-15 14:30:20.230,58,,,,,,
2023-08-15 14:30:21.220,59,,,,,,
2023-08-15 14:30:22.210,59,,,,,,
2023-08-15 14:30:23.200,59,,,,,,
2023-08-15 14:30:24.191,60,,,,,,
2023-08-15 14:30:25.181,61,,,,,,
2023-08-15 14:30:26.170,61,,,,,,
2023-08-15 14:30:27.160,61,,,,,,
2023-08-15 14:30:28.150,61,,,,,,
2023-08-15 14:30:29.140,60,,,,,,
2023-08-15 14:30:30.130,60,,,,,,
2023-08-15 14:30:31.120,60,,,,,,
2023-08-15 14:30:32.110,60,,,,,,
2023-08-15 14:30:33.100,60,,,,,,
2023-08-15 14:30:34.091,59,,,,,,
2023-08-15 14:30:35.080,59,,,,,,
2023-08-15 14:30:36.071,59,,,,,,
2023-08-15 14:30:37.061,60,,,,,,
2023-08-15 14:30:38.050,61,,,,,,
2023-08-15 14:30:39.040,61,,,,,,
2023-08-15 14:30:40.030,61,,,,,,
2023-08-15 14:30:41.020,62,,,,,,
2023-08-15 14:30:42.010,63,,,,,,
2023-08-15 14:30:43.495,63,,,,,,
2023-08-15 14:30:43.990,63,,,,,,
2023-08-15 14:30:44.980,63,,,,,,
2023-08-15 14:30:46.960,62,,,,,,
2023-08-15 14:30:47.455,62,,,,,,
2023-08-15 14:30:48.445,62,,,,,,
2023-08-15 14:30:49.435,63,,,,,,
2023-08-15 14:30:50.425,64,,,,,,
2023-08-15 14:30:51.415,63,,,,,,
2023-08-15 14:30:52.406,63,,,,,,
2023-08-15 14:30:53.396,63,,,,,,
2023-08-15 14:30:54.386,62,,,,,,
2023-08-15 14:30:55.375,62,,,,,,
2023-08-15 14:30:56.365,62,,,,,,
2023-08-15 14:30:57.355,62,,,,,,
2023-08-15 14:30:58.345,63,,,,,,
2023-08-15 14:30:59.335,63,,,,,,
2023-08-15 14:31:00.325,63,,,,,,
2023-08-15 14:31:01.810,63,,,,,,
2023-08-15 14:31:02.305,62,,,,,,
2023-08-15 14:31:03.296,62,,,,,,
2023-08-15 14:31:04.285,62,,,,,,
2023-08-15 14:31:05.276,62,,,,,,
2023-08-15 14:31:06.265,61,,,,,,
2023-08-15 14:31:07.255,61,,,,,,
2023-08-15 14:31:08.245,61,,,,,,
2023-08-15 14:31:09.235,60,,,,,,
2023-08-15 14:31:10.225,61,,,,,,
2023-08-15 14:31:11.215,61,,,,,,
2023-08-15 14:31:12.205,61,,,,,,
2023-08-15 14:31:13.196,61,,,,,,
2023-08-15 14:31:14.185,62,,,,,,
2023-08-15 14:31:15.175,62,,,,,,
2023-08-15 14:31:16.166,62,,,,,,
2023-08-15 14:31:17.156,63,,,,,,
2023-08-15 14:31:18.145,64,,,,,,
2023-08-15 14:31:19.135,64,,,,,,
2023-08-15 14:31:20.126,64,,,,,,
2023-08-15 14:31:21.406,,Start,,,,,
2023-08-15 14:31:21.536,,,,107,,,
2023-08-15 14:31:21.538,,,,,83,,
2023-08-15 14:31:21.541,,,,,,8,
2023-08-15 14:31:21.542,,,,,,,4
2023-08-15 14:31:21.611,64,,,,,,
2023-08-15 14:31:21.614,,,,100,,,
2023-08-15 14:31:21.616,,,,,77,,
2023-08-15 14:31:21.618,,,,,,6,
2023-08-15 14:31:21.620,,,,,,,1
2023-08-15 14:31:21.690,,,,84,,,
2023-08-15 14:31:21.692,,,,,66,,
2023-08-15 14:31:21.694,,,,,,1,
2023-08-15 14:31:21.696,,,,,,,4
2023-08-15 14:31:21.770,,,,67,,,
2023-08-15 14:31:21.772,,,,,56,,
2023-08-15 14:31:21.774,,,,,,16,
2023-08-15 14:31:21.776,,,,,,,9
2023-08-15 14:31:21.850,,,,54,,,
2023-08-15 14:31:21.852,,,,,45,,
2023-08-15 14:31:21.854,,,,,,37,
2023-08-15 14:31:21.855,,,,,,,19
2023-08-15 14:31:21.930,,,,43,,,
2023-08-15 14:31:21.932,,,,,38,,
2023-08-15 14:31:21.933,,,,,,67,
2023-08-15 14:31:21.935,,,,,,,58
2023-08-15 14:31:22.007,,,,35,,,
2023-08-15 14:31:22.009,,,,,32,,
2023-08-15 14:31:22.010,,,,,,95,
2023-08-15 14:31:22.012,,,,,,,99
2023-08-15 14:31:22.083,,,,25,,,
2023-08-15 14:31:22.085,,,,,25,,
2023-08-15 14:31:22.087,,,,,,140,
2023-08-15 14:31:22.090,,,,,,,143
2023-08-15 14:31:22.106,64,,,,,,
2023-08-15 14:31:22.163,,,,21,,,
2023-08-15 14:31:22.165,,,,,20,,
2023-08-15 14:31:22.167,,,,,,152,
2023-08-15 14:31:22.171,,,,,,,156
2023-08-15 14:31:22.243,,,,15,,,
2023-08-15 14:31:22.245,,,,,17,,
2023-08-15 14:31:22.246,,,,,,163,
2023-08-15 14:31:22.248,,,,,,,164
2023-08-15 14:31:22.319,,,,13,,,
2023-08-15 14:31:22.321,,,,,16,,
2023-08-15 14:31:22.323,,,,,,170,
2023-08-15 14:31:22.325,,,,,,,168
2023-08-15 14:31:22.398,,,,12,,,
2023-08-15 14:31:22.400,,,,,14,,
2023-08-15 14:31:22.402,,,,,,173,
2023-08-15 14:31:22.405,,,,,,,171
2023-08-15 14:31:22.479,,,,11,,,
2023-08-15 14:31:22.481,,,,,13,,
2023-08-15 14:31:22.483,,,,,,175,
2023-08-15 14:31:22.484,,,,,,,173
2023-08-15 14:31:22.553,,,,11,,,
2023-08-15 14:31:22.555,,,,,13,,
2023-08-15 14:31:22.557,,,,,,175,
2023-08-15 14:31:22.559,,,,,,,174
2023-08-15 14:31:22.638,,,,11,,,
2023-08-15 14:31:22.640,,,,,13,,
2023-08-15 14:31:22.642,,,,,,176,
2023-08-15 14:31:22.644,,,,,,,174
2023-08-15 14:31:22.722,,,,11,,,
2023-08-15 14:31:22.723,,,,,13,,
2023-08-15 14:31:22.725,,,,,,177,
2023-08-15 14:31:22.727,,,,,,,174
2023-08-15 14:31:22.798,,,,11,,,
2023-08-15 14:31:22.800,,,,,13,,
2023-08-15 14:31:22.802,,,,,,177,
2023-08-15 14:31:22.804,,,,,,,174
2023-08-15 14:31:22.876,,,,11,,,
2023-08-15 14:31:22.878,,,,,13,,
2023-08-15 14:31:22.879,,,,,,176,
2023-08-15 14:31:22.881,,,,,,,174
2023-08-15 14:31:22.951,,,,11,,,
2023-08-15 14:31:22.953,,,,,13,,
2023-08-15 14:31:22.955,,,,,,176,
2023-08-15 14:31:22.957,,,,,,,174
2023-08-15 14:31:23.028,,,,11,,,
2023-08-15 14:31:23.030,,,,,13,,
2023-08-15 14:31:23.031,,,,,,176,
2023-08-15 14:31:23.033,,,,,,,174
2023-08-15 14:31:23.096,63,,,,,,
2023-08-15 14:31:23.105,,,,12,,,
2023-08-15 14:31:23.107,,,,,13,,
2023-08-15 14:31:23.108,,,,,,175,
2023-08-15 14:31:23.110,,,,,,,173
2023-08-15 14:31:23.179,,,,12,,,
2023-08-15 14:31:23.181,,,,,14,,
2023-08-15 14:31:23.183,,,,,,174,
2023-08-15 14:31:23.185,,,,,,,173
2023-08-15 14:31:23.260,,,,16,,,
2023-08-15 14:31:23.262,,,,,16,,
2023-08-15 14:31:23.263,,,,,,167,
2023-08-15 14:31:23.265,,,,,,,171
2023-08-15 14:31:23.337,,,,23,,,
2023-08-15 14:31:23.339,,,,,21,,
2023-08-15 14:31:23.341,,,,,,154,
2023-08-15 14:31:23.343,,,,,,,160
2023-08-15 14:31:23.417,,,,35,,,
2023-08-15 14:31:23.419,,,,,31,,
2023-08-15 14:31:23.421,,,,,,109,
2023-08-15 14:31:23.423,,,,,,,113
2023-08-15 14:31:23.493,,,,43,,,
2023-08-15 14:31:23.494,,,,,38,,
2023-08-15 14:31:23.496,,,,,,59,
2023-08-15 14:31:23.498,,,,,,,49
2023-08-15 14:31:23.567,,,,51,,,
2023-08-15 14:31:23.569,,,,,44,,
2023-08-15 14:31:23.571,,,,,,33,
2023-08-15 14:31:23.573,,,,,,,19
2023-08-15 14:31:23.645,,,,63,,,
2023-08-15 14:31:23.647,,,,,51,,
2023-08-15 14:31:23.648,,,,,,11,
2023-08-15 14:31:23.650,,,,,,,5
2023-08-15 14:31:23.719,,,,78,,,
2023-08-15 14:31:23.721,,,,,59,,
2023-08-15 14:31:23.723,,,,,,0,
2023-08-15 14:31:23.725,,,,,,,4
2023-08-15 14:31:23.793,,,,89,,,
2023-08-15 14:31:23.795,,,,,64,,
2023-08-15 14:31:23.797,,,,,,3,
2023-08-15 14:31:23.799,,,,,,,2
2023-08-15 14:31:23.876,,,,101,,,
2023-08-15 14:31:23.877,,,,,74,,
2023-08-15 14:31:23.879,,,,,,12,
2023-08-15 14:31:23.881,,,,,,,10
2023-08-15 14:31:23.953,,,,104,,,
2023-08-15 14:31:23.954,,,,,81,,
2023-08-15 14:31:23.956,,,,,,15,
2023-08-15 14:31:23.958,,,,,,,15
2023-08-15 14:31:24.030,,,,105,,,
2023-08-15 14:31:24.032,,,,,83,,
2023-08-15 14:31:24.035,,,,,,17,
2023-08-15 14:31:24.037,,,,,,,16
2023-08-15 14:31:24.057,,You are doing great! Now you can speed up your movement to achieve better training effect,,,,,
2023-08-15 14:31:24.085,63,,,,,,
2023-08-15 14:31:24.114,,,,104,,,
2023-08-15 14:31:24.116,,,,,85,,
2023-08-15 14:31:24.118,,,,,,19,
2023-08-15 14:31:24.120,,,,,,,17
2023-08-15 14:31:24.190,,,,105,,,
2023-08-15 14:31:24.191,,,,,85,,
2023-08-15 14:31:24.193,,,,,,19,
2023-08-15 14:31:24.195,,,,,,,18
2023-08-15 14:31:24.198,,,Right movement,,,,
2023-08-15 14:31:24.267,,,,107,,,
2023-08-15 14:31:24.268,,,,,85,,
2023-08-15 14:31:24.270,,,,,,19,
2023-08-15 14:31:24.272,,,,,,,18
2023-08-15 14:31:24.342,,,,109,,,
2023-08-15 14:31:24.344,,,,,89,,
2023-08-15 14:31:24.346,,,,,,20,
2023-08-15 14:31:24.348,,,,,,,18
2023-08-15 14:31:24.420,,,,109,,,
2023-08-15 14:31:24.422,,,,,89,,
2023-08-15 14:31:24.425,,,,,,20,
2023-08-15 14:31:24.427,,,,,,,19
2023-08-15 14:31:24.503,,,,108,,,
2023-08-15 14:31:24.505,,,,,88,,
2023-08-15 14:31:24.507,,,,,,19,
2023-08-15 14:31:24.508,,,,,,,19
2023-08-15 14:31:24.579,,,,108,,,
2023-08-15 14:31:24.581,,,,,88,,
2023-08-15 14:31:24.583,,,,,,18,
2023-08-15 14:31:24.585,,,,,,,17
2023-08-15 14:31:24.659,,,,108,,,
2023-08-15 14:31:24.661,,,,,87,,
2023-08-15 14:31:24.663,,,,,,18,
2023-08-15 14:31:24.665,,,,,,,17
2023-08-15 14:31:24.670,,,Right movement,,,,
2023-08-15 14:31:24.742,,,,108,,,
2023-08-15 14:31:24.744,,,,,87,,
2023-08-15 14:31:24.746,,,,,,18,
2023-08-15 14:31:24.749,,,,,,,17
2023-08-15 14:31:24.823,,,,109,,,
2023-08-15 14:31:24.825,,,,,86,,
2023-08-15 14:31:24.826,,,,,,18,
2023-08-15 14:31:24.828,,,,,,,16
2023-08-15 14:31:24.898,,,,109,,,
2023-08-15 14:31:24.900,,,,,85,,
2023-08-15 14:31:24.901,,,,,,18,
2023-08-15 14:31:24.903,,,,,,,16
2023-08-15 14:31:24.982,,,,109,,,
2023-08-15 14:31:24.983,,,,,85,,
2023-08-15 14:31:24.985,,,,,,18,
2023-08-15 14:31:24.987,,,,,,,15
2023-08-15 14:31:25.058,,,,108,,,
2023-08-15 14:31:25.060,,,,,85,,
2023-08-15 14:31:25.062,,,,,,17,
2023-08-15 14:31:25.064,,,,,,,15
2023-08-15 14:31:25.075,63,,,,,,
2023-08-15 14:31:25.136,,,,108,,,
2023-08-15 14:31:25.139,,,,,84,,
2023-08-15 14:31:25.140,,,,,,17,
2023-08-15 14:31:25.142,,,,,,,14
2023-08-15 14:31:25.212,,,,84,,,
2023-08-15 14:31:25.214,,,,,72,,
2023-08-15 14:31:25.215,,,,,,4,
2023-08-15 14:31:25.217,,,,,,,5
2023-08-15 14:31:25.287,,,,63,,,
2023-08-15 14:31:25.289,,,,,57,,
2023-08-15 14:31:25.291,,,,,,14,
2023-08-15 14:31:25.293,,,,,,,4
2023-08-15 14:31:25.364,,,,45,,,
2023-08-15 14:31:25.366,,,,,46,,
2023-08-15 14:31:25.367,,,,,,31,
2023-08-15 14:31:25.369,,,,,,,12
2023-08-15 14:31:25.442,,,,34,,,
2023-08-15 14:31:25.444,,,,,37,,
2023-08-15 14:31:25.446,,,,,,70,
2023-08-15 14:31:25.448,,,,,,,42
2023-08-15 14:31:25.524,,,,30,,,
2023-08-15 14:31:25.526,,,,,32,,
2023-08-15 14:31:25.528,,,,,,119,
2023-08-15 14:31:25.530,,,,,,,95
2023-08-15 14:31:25.601,,,,23,,,
2023-08-15 14:31:25.604,,,,,24,,
2023-08-15 14:31:25.606,,,,,,146,
2023-08-15 14:31:25.607,,,,,,,143
2023-08-15 14:31:25.679,,,,14,,,
2023-08-15 14:31:25.681,,,,,17,,
2023-08-15 14:31:25.683,,,,,,166,
2023-08-15 14:31:25.684,,,,,,,165
2023-08-15 14:31:25.761,,,,11,,,
2023-08-15 14:31:25.763,,,,,14,,
2023-08-15 14:31:25.765,,,,,,173,
2023-08-15 14:31:25.767,,,,,,,171
2023-08-15 14:31:25.837,,,,11,,,
2023-08-15 14:31:25.839,,,,,13,,
2023-08-15 14:31:25.840,,,,,,176,
2023-08-15 14:31:25.842,,,,,,,174
2023-08-15 14:31:25.914,,,,11,,,
2023-08-15 14:31:25.916,,,,,13,,
2023-08-15 14:31:25.918,,,,,,176,
2023-08-15 14:31:25.920,,,,,,,175
2023-08-15 14:31:25.991,,,,11,,,
2023-08-15 14:31:25.993,,,,,13,,
2023-08-15 14:31:25.995,,,,,,178,
2023-08-15 14:31:25.997,,,,,,,175
2023-08-15 14:31:26.065,63,,,,,,
2023-08-15 14:31:26.068,,,,11,,,
2023-08-15 14:31:26.071,,,,,13,,
2023-08-15 14:31:26.073,,,,,,178,
2023-08-15 14:31:26.075,,,,,,,174
2023-08-15 14:31:26.150,,,,11,,,
2023-08-15 14:31:26.152,,,,,13,,
2023-08-15 14:31:26.154,,,,,,178,
2023-08-15 14:31:26.156,,,,,,,174
2023-08-15 14:31:26.227,,,,11,,,
2023-08-15 14:31:26.229,,,,,13,,
2023-08-15 14:31:26.231,,,,,,178,
2023-08-15 14:31:26.233,,,,,,,174
2023-08-15 14:31:26.302,,,,11,,,
2023-08-15 14:31:26.304,,,,,13,,
2023-08-15 14:31:26.306,,,,,,177,
2023-08-15 14:31:26.308,,,,,,,174
2023-08-15 14:31:26.384,,,,11,,,
2023-08-15 14:31:26.386,,,,,13,,
2023-08-15 14:31:26.387,,,,,,177,
2023-08-15 14:31:26.389,,,,,,,173
2023-08-15 14:31:26.459,,,,11,,,
2023-08-15 14:31:26.462,,,,,13,,
2023-08-15 14:31:26.464,,,,,,177,
2023-08-15 14:31:26.466,,,,,,,173
2023-08-15 14:31:26.543,,,,11,,,
2023-08-15 14:31:26.545,,,,,14,,
2023-08-15 14:31:26.547,,,,,,176,
2023-08-15 14:31:26.550,,,,,,,173
2023-08-15 14:31:26.631,,,,12,,,
2023-08-15 14:31:26.633,,,,,14,,
2023-08-15 14:31:26.634,,,,,,175,
2023-08-15 14:31:26.636,,,,,,,174
2023-08-15 14:31:26.708,,,,16,,,
2023-08-15 14:31:26.710,,,,,16,,
2023-08-15 14:31:26.712,,,,,,170,
2023-08-15 14:31:26.714,,,,,,,173
2023-08-15 14:31:26.789,,,,23,,,
2023-08-15 14:31:26.791,,,,,21,,
2023-08-15 14:31:26.793,,,,,,161,
2023-08-15 14:31:26.794,,,,,,,165
2023-08-15 14:31:26.870,,,,30,,,
2023-08-15 14:31:26.872,,,,,27,,
2023-08-15 14:31:26.874,,,,,,146,
2023-08-15 14:31:26.875,,,,,,,152
2023-08-15 14:31:26.946,,,,36,,,
2023-08-15 14:31:26.948,,,,,30,,
2023-08-15 14:31:26.950,,,,,,119,
2023-08-15 14:31:26.951,,,,,,,131
2023-08-15 14:31:27.022,,,,49,,,
2023-08-15 14:31:27.024,,,,,39,,
2023-08-15 14:31:27.026,,,,,,22,
2023-08-15 14:31:27.028,,,,,,,10
2023-08-15 14:31:27.055,63,,,,,,
2023-08-15 14:31:27.101,,,,61,,,
2023-08-15 14:31:27.102,,,,,48,,
2023-08-15 14:31:27.104,,,,,,6,
2023-08-15 14:31:27.106,,,,,,,0
2023-08-15 14:31:27.179,,,,77,,,
2023-08-15 14:31:27.180,,,,,59,,
2023-08-15 14:31:27.182,,,,,,4,
2023-08-15 14:31:27.184,,,,,,,8
2023-08-15 14:31:27.257,,,,90,,,
2023-08-15 14:31:27.259,,,,,67,,
2023-08-15 14:31:27.260,,,,,,12,
2023-08-15 14:31:27.262,,,,,,,11
2023-08-15 14:31:27.332,,,,98,,,
2023-08-15 14:31:27.334,,,,,74,,
2023-08-15 14:31:27.335,,,,,,18,
2023-08-15 14:31:27.337,,,,,,,16
2023-08-15 14:31:27.411,,,,102,,,
2023-08-15 14:31:27.413,,,,,82,,
2023-08-15 14:31:27.415,,,,,,21,
2023-08-15 14:31:27.417,,,,,,,21
2023-08-15 14:31:27.492,,,,104,,,
2023-08-15 14:31:27.494,,,,,84,,
2023-08-15 14:31:27.496,,,,,,22,
2023-08-15 14:31:27.498,,,,,,,21
2023-08-15 14:31:27.569,,,,104,,,
2023-08-15 14:31:27.571,,,,,85,,
2023-08-15 14:31:27.573,,,,,,22,
2023-08-15 14:31:27.575,,,,,,,22
2023-08-15 14:31:27.647,,,,105,,,
2023-08-15 14:31:27.649,,,,,85,,
2023-08-15 14:31:27.651,,,,,,22,
2023-08-15 14:31:27.653,,,,,,,20
2023-08-15 14:31:27.656,,,Right movement,,,,
2023-08-15 14:31:27.727,,,,106,,,
2023-08-15 14:31:27.730,,,,,86,,
2023-08-15 14:31:27.731,,,,,,21,
2023-08-15 14:31:27.733,,,,,,,20
2023-08-15 14:31:27.811,,,,106,,,
2023-08-15 14:31:27.812,,,,,85,,
2023-08-15 14:31:27.814,,,,,,19,
2023-08-15 14:31:27.816,,,,,,,19
2023-08-15 14:31:27.887,,,,105,,,
2023-08-15 14:31:27.889,,,,,85,,
2023-08-15 14:31:27.891,,,,,,19,
2023-08-15 14:31:27.893,,,,,,,17
2023-08-15 14:31:27.970,,,,105,,,
2023-08-15 14:31:27.972,,,,,84,,
2023-08-15 14:31:27.974,,,,,,18,
2023-08-15 14:31:27.975,,,,,,,16
2023-08-15 14:31:28.046,63,,,,,,
2023-08-15 14:31:28.048,,,,105,,,
2023-08-15 14:31:28.051,,,,,83,,
2023-08-15 14:31:28.053,,,,,,18,
2023-08-15 14:31:28.055,,,,,,,16
2023-08-15 14:31:28.124,,,,104,,,
2023-08-15 14:31:28.126,,,,,82,,
2023-08-15 14:31:28.128,,,,,,17,
2023-08-15 14:31:28.130,,,,,,,15
2023-08-15 14:31:28.203,,,,102,,,
2023-08-15 14:31:28.205,,,,,81,,
2023-08-15 14:31:28.207,,,,,,16,
2023-08-15 14:31:28.209,,,,,,,13
2023-08-15 14:31:28.284,,,,80,,,
2023-08-15 14:31:28.286,,,,,69,,
2023-08-15 14:31:28.288,,,,,,4,
2023-08-15 14:31:28.290,,,,,,,4
2023-08-15 14:31:28.362,,,,59,,,
2023-08-15 14:31:28.364,,,,,54,,
2023-08-15 14:31:28.366,,,,,,14,
2023-08-15 14:31:28.367,,,,,,,6
2023-08-15 14:31:28.440,,,,43,,,
2023-08-15 14:31:28.442,,,,,40,,
2023-08-15 14:31:28.443,,,,,,45,
2023-08-15 14:31:28.445,,,,,,,18
2023-08-15 14:31:28.517,,,,33,,,
2023-08-15 14:31:28.519,,,,,33,,
2023-08-15 14:31:28.521,,,,,,113,
2023-08-15 14:31:28.523,,,,,,,118
2023-08-15 14:31:28.599,,,,26,,,
2023-08-15 14:31:28.601,,,,,24,,
2023-08-15 14:31:28.603,,,,,,144,
2023-08-15 14:31:28.605,,,,,,,153
2023-08-15 14:31:28.677,,,,15,,,
2023-08-15 14:31:28.678,,,,,15,,
2023-08-15 14:31:28.681,,,,,,170,
2023-08-15 14:31:28.682,,,,,,,172
2023-08-15 14:31:28.757,,,,13,,,
2023-08-15 14:31:28.759,,,,,14,,
2023-08-15 14:31:28.761,,,,,,176,
2023-08-15 14:31:28.763,,,,,,,175
2023-08-15 14:31:28.841,,,,12,,,
2023-08-15 14:31:28.843,,,,,13,,
2023-08-15 14:31:28.845,,,,,,176,
2023-08-15 14:31:28.847,,,,,,,176
2023-08-15 14:31:28.918,,,,12,,,
2023-08-15 14:31:28.920,,,,,13,,
2023-08-15 14:31:28.922,,,,,,178,
2023-08-15 14:31:28.924,,,,,,,176
2023-08-15 14:31:28.995,,,,11,,,
2023-08-15 14:31:28.997,,,,,13,,
2023-08-15 14:31:28.999,,,,,,178,
2023-08-15 14:31:29.000,,,,,,,176
2023-08-15 14:31:29.035,63,,,,,,
2023-08-15 14:31:29.077,,,,11,,,
2023-08-15 14:31:29.080,,,,,13,,
2023-08-15 14:31:29.082,,,,,,178,
2023-08-15 14:31:29.084,,,,,,,176
2023-08-15 14:31:29.157,,,,13,,,
2023-08-15 14:31:29.159,,,,,13,,
2023-08-15 14:31:29.161,,,,,,177,
2023-08-15 14:31:29.162,,,,,,,176
2023-08-15 14:31:29.234,,,,14,,,
2023-08-15 14:31:29.236,,,,,15,,
2023-08-15 14:31:29.238,,,,,,175,
2023-08-15 14:31:29.240,,,,,,,176
2023-08-15 14:31:29.321,,,,17,,,
2023-08-15 14:31:29.323,,,,,15,,
2023-08-15 14:31:29.325,,,,,,171,
2023-08-15 14:31:29.327,,,,,,,177
2023-08-15 14:31:29.398,,,,26,,,
2023-08-15 14:31:29.400,,,,,23,,
2023-08-15 14:31:29.403,,,,,,158,
2023-08-15 14:31:29.405,,,,,,,166
2023-08-15 14:31:29.479,,,,38,,,
2023-08-15 14:31:29.481,,,,,35,,
2023-08-15 14:31:29.482,,,,,,45,
2023-08-15 14:31:29.484,,,,,,,19
2023-08-15 14:31:29.554,,,,52,,,
2023-08-15 14:31:29.556,,,,,46,,
2023-08-15 14:31:29.558,,,,,,17,
2023-08-15 14:31:29.560,,,,,,,0
2023-08-15 14:31:29.630,,,,69,,,
2023-08-15 14:31:29.632,,,,,60,,
2023-08-15 14:31:29.634,,,,,,3,
2023-08-15 14:31:29.635,,,,,,,5
2023-08-15 14:31:29.704,,,,87,,,
2023-08-15 14:31:29.706,,,,,73,,
2023-08-15 14:31:29.708,,,,,,14,
2023-08-15 14:31:29.710,,,,,,,13
2023-08-15 14:31:29.784,,,,98,,,
2023-08-15 14:31:29.786,,,,,84,,
2023-08-15 14:31:29.788,,,,,,21,
2023-08-15 14:31:29.790,,,,,,,22
2023-08-15 14:31:29.863,,,,102,,,
2023-08-15 14:31:29.865,,,,,90,,
2023-08-15 14:31:29.866,,,,,,24,
2023-08-15 14:31:29.868,,,,,,,25
2023-08-15 14:31:29.944,,,,104,,,
2023-08-15 14:31:29.946,,,,,89,,
2023-08-15 14:31:29.948,,,,,,24,
2023-08-15 14:31:29.950,,,,,,,25
2023-08-15 14:31:30.022,,,,101,,,
2023-08-15 14:31:30.023,,,,,88,,
2023-08-15 14:31:30.025,63,,,,,,
2023-08-15 14:31:30.026,,,,,,22,
2023-08-15 14:31:30.028,,,,,,,22
2023-08-15 14:31:30.032,,,Right movement,,,,
2023-08-15 14:31:30.106,,,,100,,,
2023-08-15 14:31:30.108,,,,,86,,
2023-08-15 14:31:30.109,,,,,,19,
2023-08-15 14:31:30.111,,,,,,,20
2023-08-15 14:31:30.180,,,,95,,,
2023-08-15 14:31:30.182,,,,,81,,
2023-08-15 14:31:30.184,,,,,,16,
2023-08-15 14:31:30.185,,,,,,,16
2023-08-15 14:31:30.255,,,,90,,,
2023-08-15 14:31:30.257,,,,,78,,
2023-08-15 14:31:30.259,,,,,,7,
2023-08-15 14:31:30.261,,,,,,,8
2023-08-15 14:31:30.336,,,,62,,,
2023-08-15 14:31:30.338,,,,,61,,
2023-08-15 14:31:30.339,,,,,,15,
2023-08-15 14:31:30.341,,,,,,,1
2023-08-15 14:31:30.408,,,,47,,,
2023-08-15 14:31:30.410,,,,,47,,
2023-08-15 14:31:30.412,,,,,,48,
2023-08-15 14:31:30.414,,,,,,,15
2023-08-15 14:31:30.490,,,,36,,,
2023-08-15 14:31:30.493,,,,,39,,
2023-08-15 14:31:30.495,,,,,,107,
2023-08-15 14:31:30.497,,,,,,,106
2023-08-15 14:31:30.573,,,,28,,,
2023-08-15 14:31:30.575,,,,,29,,
2023-08-15 14:31:30.578,,,,,,138,
2023-08-15 14:31:30.580,,,,,,,142
2023-08-15 14:31:30.650,,,,18,,,
2023-08-15 14:31:30.652,,,,,18,,
2023-08-15 14:31:30.653,,,,,,162,
2023-08-15 14:31:30.655,,,,,,,167
2023-08-15 14:31:30.726,,,,13,,,
2023-08-15 14:31:30.728,,,,,14,,
2023-08-15 14:31:30.730,,,,,,172,
2023-08-15 14:31:30.732,,,,,,,173
2023-08-15 14:31:30.806,,,,11,,,
2023-08-15 14:31:30.808,,,,,14,,
2023-08-15 14:31:30.810,,,,,,175,
2023-08-15 14:31:30.812,,,,,,,174
2023-08-15 14:31:30.888,,,,13,,,
2023-08-15 14:31:30.890,,,,,14,,
2023-08-15 14:31:30.891,,,,,,175,
2023-08-15 14:31:30.894,,,,,,,176
2023-08-15 14:31:30.973,,,,14,,,
2023-08-15 14:31:30.975,,,,,15,,
2023-08-15 14:31:30.977,,,,,,174,
2023-08-15 14:31:30.978,,,,,,,179
2023-08-15 14:31:31.015,63,,,,,,
2023-08-15 14:31:31.053,,,,16,,,
2023-08-15 14:31:31.055,,,,,17,,
2023-08-15 14:31:31.058,,,,,,175,
2023-08-15 14:31:31.060,,,,,,,176
2023-08-15 14:31:31.097,,Well done! You are doing the right movement!,,,,,
2023-08-15 14:31:31.136,,,,19,,,
2023-08-15 14:31:31.138,,,,,19,,
2023-08-15 14:31:31.140,,,,,,172,
2023-08-15 14:31:31.142,,,,,,,174
2023-08-15 14:31:31.212,,,,27,,,
2023-08-15 14:31:31.214,,,,,24,,
2023-08-15 14:31:31.216,,,,,,163,
2023-08-15 14:31:31.218,,,,,,,176
2023-08-15 14:31:31.291,,,,45,,,
2023-08-15 14:31:31.292,,,,,40,,
2023-08-15 14:31:31.294,,,,,,29,
2023-08-15 14:31:31.296,,,,,,,7
2023-08-15 14:31:31.370,,,,60,,,
2023-08-15 14:31:31.372,,,,,54,,
2023-08-15 14:31:31.374,,,,,,9,
2023-08-15 14:31:31.375,,,,,,,1
2023-08-15 14:31:31.448,,,,76,,,
2023-08-15 14:31:31.450,,,,,67,,
2023-08-15 14:31:31.452,,,,,,3,
2023-08-15 14:31:31.453,,,,,,,5
2023-08-15 14:31:31.534,,,,89,,,
2023-08-15 14:31:31.535,,,,,77,,
2023-08-15 14:31:31.537,,,,,,11,
2023-08-15 14:31:31.539,,,,,,,16
2023-08-15 14:31:31.612,,,,94,,,
2023-08-15 14:31:31.614,,,,,84,,
2023-08-15 14:31:31.616,,,,,,16,
2023-08-15 14:31:31.618,,,,,,,18
2023-08-15 14:31:31.693,,,,92,,,
2023-08-15 14:31:31.695,,,,,82,,
2023-08-15 14:31:31.697,,,,,,15,
2023-08-15 14:31:31.698,,,,,,,15
2023-08-15 14:31:31.770,,,,91,,,
2023-08-15 14:31:31.772,,,,,79,,
2023-08-15 14:31:31.775,,,,,,13,
2023-08-15 14:31:31.777,,,,,,,13
2023-08-15 14:31:31.851,,,,91,,,
2023-08-15 14:31:31.853,,,,,78,,
2023-08-15 14:31:31.855,,,,,,11,
2023-08-15 14:31:31.858,,,,,,,10
2023-08-15 14:31:31.862,,,Right movement,,,,
2023-08-15 14:31:31.936,,,,89,,,
2023-08-15 14:31:31.938,,,,,76,,
2023-08-15 14:31:31.939,,,,,,6,
2023-08-15 14:31:31.942,,,,,,,7
2023-08-15 14:31:32.005,63,,,,,,
2023-08-15 14:31:32.017,,,,77,,,
2023-08-15 14:31:32.018,,,,,76,,
2023-08-15 14:31:32.020,,,,,,0,
2023-08-15 14:31:32.022,,,,,,,1
2023-08-15 14:31:32.097,,,,57,,,
2023-08-15 14:31:32.098,,,,,58,,
2023-08-15 14:31:32.100,,,,,,30,
2023-08-15 14:31:32.102,,,,,,,3
2023-08-15 14:31:32.174,,,,42,,,
2023-08-15 14:31:32.176,,,,,45,,
2023-08-15 14:31:32.179,,,,,,82,
2023-08-15 14:31:32.181,,,,,,,60
2023-08-15 14:31:32.253,,,,33,,,
2023-08-15 14:31:32.255,,,,,37,,
2023-08-15 14:31:32.257,,,,,,126,
2023-08-15 14:31:32.258,,,,,,,116
2023-08-15 14:31:32.336,,,,22,,,
2023-08-15 14:31:32.338,,,,,24,,
2023-08-15 14:31:32.341,,,,,,154,
2023-08-15 14:31:32.343,,,,,,,156
2023-08-15 14:31:32.416,,,,12,,,
2023-08-15 14:31:32.418,,,,,15,,
2023-08-15 14:31:32.420,,,,,,172,
2023-08-15 14:31:32.422,,,,,,,173
2023-08-15 14:31:32.500,,,,11,,,
2023-08-15 14:31:32.503,,,,,14,,
2023-08-15 14:31:32.505,,,,,,175,
2023-08-15 14:31:32.508,,,,,,,176
2023-08-15 14:31:32.582,,,,12,,,
2023-08-15 14:31:32.584,,,,,15,,
2023-08-15 14:31:32.586,,,,,,175,
2023-08-15 14:31:32.588,,,,,,,177
2023-08-15 14:31:32.666,,,,14,,,
2023-08-15 14:31:32.667,,,,,16,,
2023-08-15 14:31:32.669,,,,,,173,
2023-08-15 14:31:32.671,,,,,,,179
2023-08-15 14:31:32.743,,,,17,,,
2023-08-15 14:31:32.745,,,,,18,,
2023-08-15 14:31:32.747,,,,,,172,
2023-08-15 14:31:32.749,,,,,,,178
2023-08-15 14:31:32.824,,,,30,,,
2023-08-15 14:31:32.826,,,,,27,,
2023-08-15 14:31:32.828,,,,,,149,
2023-08-15 14:31:32.830,,,,,,,172
2023-08-15 14:31:32.905,,,,41,,,
2023-08-15 14:31:32.908,,,,,40,,
2023-08-15 14:31:32.910,,,,,,54,
2023-08-15 14:31:32.912,,,,,,,7
2023-08-15 14:31:32.987,,,,57,,,
2023-08-15 14:31:32.989,,,,,51,,
2023-08-15 14:31:32.991,,,,,,21,
2023-08-15 14:31:32.993,,,,,,,2
2023-08-15 14:31:33.066,,,,73,,,
2023-08-15 14:31:33.068,,,,,64,,
2023-08-15 14:31:33.069,,,,,,2,
2023-08-15 14:31:33.071,,,,,,,7
2023-08-15 14:31:33.142,,,,94,,,
2023-08-15 14:31:33.144,,,,,83,,
2023-08-15 14:31:33.146,,,,,,19,
2023-08-15 14:31:33.148,,,,,,,21
2023-08-15 14:31:33.220,,,,100,,,
2023-08-15 14:31:33.222,,,,,87,,
2023-08-15 14:31:33.224,,,,,,20,
2023-08-15 14:31:33.225,,,,,,,23
2023-08-15 14:31:33.296,,,,100,,,
2023-08-15 14:31:33.298,,,,,87,,
2023-08-15 14:31:33.300,,,,,,20,
2023-08-15 14:31:33.301,,,,,,,21
2023-08-15 14:31:33.371,,,,99,,,
2023-08-15 14:31:33.373,,,,,85,,
2023-08-15 14:31:33.375,,,,,,19,
2023-08-15 14:31:33.376,,,,,,,19
2023-08-15 14:31:33.451,,,,94,,,
2023-08-15 14:31:33.453,,,,,81,,
2023-08-15 14:31:33.455,,,,,,16,
2023-08-15 14:31:33.457,,,,,,,16
2023-08-15 14:31:33.461,,,Right movement,,,,
2023-08-15 14:31:33.490,63,,,,,,
2023-08-15 14:31:33.536,,,,88,,,
2023-08-15 14:31:33.538,,,,,80,,
2023-08-15 14:31:33.541,,,,,,0,
2023-08-15 14:31:33.543,,,,,,,4
2023-08-15 14:31:33.615,,,,61,,,
2023-08-15 14:31:33.617,,,,,58,,
2023-08-15 14:31:33.618,,,,,,16,
2023-08-15 14:31:33.620,,,,,,,4
2023-08-15 14:31:33.690,,,,41,,,
2023-08-15 14:31:33.691,,,,,42,,
2023-08-15 14:31:33.693,,,,,,50,
2023-08-15 14:31:33.695,,,,,,,7
2023-08-15 14:31:33.765,,,,32,,,
2023-08-15 14:31:33.767,,,,,33,,
2023-08-15 14:31:33.768,,,,,,122,
2023-08-15 14:31:33.770,,,,,,,123
2023-08-15 14:31:33.842,,,,23,,,
2023-08-15 14:31:33.844,,,,,24,,
2023-08-15 14:31:33.845,,,,,,148,
2023-08-15 14:31:33.847,,,,,,,156
2023-08-15 14:31:33.920,,,,16,,,
2023-08-15 14:31:33.923,,,,,18,,
2023-08-15 14:31:33.924,,,,,,165,
2023-08-15 14:31:33.926,,,,,,,170
2023-08-15 14:31:33.985,63,,,,,,
2023-08-15 14:31:34.001,,,,12,,,
2023-08-15 14:31:34.003,,,,,14,,
2023-08-15 14:31:34.005,,,,,,173,
2023-08-15 14:31:34.007,,,,,,,174
2023-08-15 14:31:34.081,,,,11,,,
2023-08-15 14:31:34.083,,,,,12,,
2023-08-15 14:31:34.085,,,,,,175,
2023-08-15 14:31:34.086,,,,,,,176
2023-08-15 14:31:34.156,,,,11,,,
2023-08-15 14:31:34.158,,,,,12,,
2023-08-15 14:31:34.160,,,,,,177,
2023-08-15 14:31:34.162,,,,,,,176
2023-08-15 14:31:34.235,,,,11,,,
2023-08-15 14:31:34.237,,,,,12,,
2023-08-15 14:31:34.240,,,,,,177,
2023-08-15 14:31:34.241,,,,,,,175
2023-08-15 14:31:34.314,,,,13,,,
2023-08-15 14:31:34.316,,,,,13,,
2023-08-15 14:31:34.318,,,,,,175,
2023-08-15 14:31:34.319,,,,,,,175
2023-08-15 14:31:34.394,,,,14,,,
2023-08-15 14:31:34.396,,,,,14,,
2023-08-15 14:31:34.398,,,,,,173,
2023-08-15 14:31:34.400,,,,,,,176
2023-08-15 14:31:34.474,,,,27,,,
2023-08-15 14:31:34.476,,,,,25,,
2023-08-15 14:31:34.478,,,,,,148,
2023-08-15 14:31:34.480,,,,,,,156
2023-08-15 14:31:34.556,,,,38,,,
2023-08-15 14:31:34.557,,,,,37,,
2023-08-15 14:31:34.559,,,,,,60,
2023-08-15 14:31:34.561,,,,,,,18
2023-08-15 14:31:34.633,,,,52,,,
2023-08-15 14:31:34.635,,,,,50,,
2023-08-15 14:31:34.638,,,,,,24,
2023-08-15 14:31:34.640,,,,,,,2
2023-08-15 14:31:34.709,,,,69,,,
2023-08-15 14:31:34.711,,,,,62,,
2023-08-15 14:31:34.713,,,,,,1,
2023-08-15 14:31:34.715,,,,,,,5
2023-08-15 14:31:34.781,,,,83,,,
2023-08-15 14:31:34.783,,,,,76,,
2023-08-15 14:31:34.785,,,,,,5,
2023-08-15 14:31:34.787,,,,,,,12
2023-08-15 14:31:34.862,,,,98,,,
2023-08-15 14:31:34.864,,,,,95,,
2023-08-15 14:31:34.865,,,,,,14,
2023-08-15 14:31:34.867,,,,,,,21
2023-08-15 14:31:34.937,,,,99,,,
2023-08-15 14:31:34.939,,,,,95,,
2023-08-15 14:31:34.940,,,,,,12,
2023-08-15 14:31:34.942,,,,,,,19
2023-08-15 14:31:34.975,62,,,,,,
2023-08-15 14:31:35.016,,,,96,,,
2023-08-15 14:31:35.018,,,,,92,,
2023-08-15 14:31:35.019,,,,,,11,
2023-08-15 14:31:35.021,,,,,,,19
2023-08-15 14:31:35.099,,,,93,,,
2023-08-15 14:31:35.101,,,,,89,,
2023-08-15 14:31:35.103,,,,,,6,
2023-08-15 14:31:35.105,,,,,,,12
2023-08-15 14:31:35.109,,,Right movement,,,,
2023-08-15 14:31:35.178,,,,85,,,
2023-08-15 14:31:35.180,,,,,84,,
2023-08-15 14:31:35.182,,,,,,0,
2023-08-15 14:31:35.184,,,,,,,7
2023-08-15 14:31:35.259,,,,84,,,
2023-08-15 14:31:35.261,,,,,79,,
2023-08-15 14:31:35.262,,,,,,6,
2023-08-15 14:31:35.264,,,,,,,0
2023-08-15 14:31:35.338,,,,60,,,
2023-08-15 14:31:35.340,,,,,61,,
2023-08-15 14:31:35.342,,,,,,18,
2023-08-15 14:31:35.345,,,,,,,0
2023-08-15 14:31:35.418,,,,37,,,
2023-08-15 14:31:35.420,,,,,37,,
2023-08-15 14:31:35.422,,,,,,111,
2023-08-15 14:31:35.424,,,,,,,120
2023-08-15 14:31:35.494,,,,27,,,
2023-08-15 14:31:35.497,,,,,25,,
2023-08-15 14:31:35.499,,,,,,142,
2023-08-15 14:31:35.502,,,,,,,159
2023-08-15 14:31:35.576,,,,18,,,
2023-08-15 14:31:35.578,,,,,17,,
2023-08-15 14:31:35.580,,,,,,162,
2023-08-15 14:31:35.582,,,,,,,173
2023-08-15 14:31:35.660,,,,13,,,
2023-08-15 14:31:35.662,,,,,15,,
2023-08-15 14:31:35.664,,,,,,171,
2023-08-15 14:31:35.666,,,,,,,174
2023-08-15 14:31:35.747,,,,12,,,
2023-08-15 14:31:35.749,,,,,13,,
2023-08-15 14:31:35.751,,,,,,176,
2023-08-15 14:31:35.753,,,,,,,177
2023-08-15 14:31:35.826,,,,12,,,
2023-08-15 14:31:35.828,,,,,13,,
2023-08-15 14:31:35.830,,,,,,176,
2023-08-15 14:31:35.833,,,,,,,176
2023-08-15 14:31:35.909,,,,14,,,
2023-08-15 14:31:35.911,,,,,14,,
2023-08-15 14:31:35.913,,,,,,176,
2023-08-15 14:31:35.915,,,,,,,178
2023-08-15 14:31:35.986,,,,16,,,
2023-08-15 14:31:35.988,,,,,16,,
2023-08-15 14:31:35.990,,,,,,176,
2023-08-15 14:31:35.991,,,,,,,176
2023-08-15 14:31:36.062,,,,20,,,
2023-08-15 14:31:36.064,,,,,19,,
2023-08-15 14:31:36.066,,,,,,169,
2023-08-15 14:31:36.068,,,,,,,173
2023-08-15 14:31:36.142,,,,35,,,
2023-08-15 14:31:36.144,,,,,34,,
2023-08-15 14:31:36.146,,,,,,149,
2023-08-15 14:31:36.148,,,,,,,68
2023-08-15 14:31:36.217,,,,52,,,
2023-08-15 14:31:36.218,,,,,52,,
2023-08-15 14:31:36.220,,,,,,25,
2023-08-15 14:31:36.222,,,,,,,18
2023-08-15 14:31:36.293,,,,72,,,
2023-08-15 14:31:36.295,,,,,68,,
2023-08-15 14:31:36.297,,,,,,9,
2023-08-15 14:31:36.299,,,,,,,8
2023-08-15 14:31:36.372,,,,91,,,
2023-08-15 14:31:36.373,,,,,79,,
2023-08-15 14:31:36.375,,,,,,1,
2023-08-15 14:31:36.377,,,,,,,11
2023-08-15 14:31:36.448,,,,102,,,
2023-08-15 14:31:36.450,,,,,89,,
2023-08-15 14:31:36.452,,,,,,12,
2023-08-15 14:31:36.454,,,,,,,16
2023-08-15 14:31:36.460,63,,,,,,
2023-08-15 14:31:36.528,,,,108,,,
2023-08-15 14:31:36.530,,,,,97,,
2023-08-15 14:31:36.531,,,,,,17,
2023-08-15 14:31:36.533,,,,,,,19
2023-08-15 14:31:36.607,,,,105,,,
2023-08-15 14:31:36.609,,,,,98,,
2023-08-15 14:31:36.611,,,,,,15,
2023-08-15 14:31:36.613,,,,,,,20
2023-08-15 14:31:36.687,,,,103,,,
2023-08-15 14:31:36.689,,,,,94,,
2023-08-15 14:31:36.691,,,,,,11,
2023-08-15 14:31:36.693,,,,,,,16
2023-08-15 14:31:36.697,,,Right movement,,,,
2023-08-15 14:31:36.768,,,,98,,,
2023-08-15 14:31:36.770,,,,,90,,
2023-08-15 14:31:36.771,,,,,,4,
2023-08-15 14:31:36.773,,,,,,,9
2023-08-15 14:31:36.845,,,,90,,,
2023-08-15 14:31:36.847,,,,,84,,
2023-08-15 14:31:36.849,,,,,,1,
2023-08-15 14:31:36.850,,,,,,,4
2023-08-15 14:31:36.922,,,,70,,,
2023-08-15 14:31:36.924,,,,,73,,
2023-08-15 14:31:36.926,,,,,,2,
2023-08-15 14:31:36.927,,,,,,,1
2023-08-15 14:31:36.998,,,,40,,,
2023-08-15 14:31:37.000,,,,,40,,
2023-08-15 14:31:37.003,,,,,,107,
2023-08-15 14:31:37.005,,,,,,,3
2023-08-15 14:31:37.080,,,,31,,,
2023-08-15 14:31:37.083,,,,,32,,
2023-08-15 14:31:37.085,,,,,,140,
2023-08-15 14:31:37.087,,,,,,,145
2023-08-15 14:31:37.166,,,,23,,,
2023-08-15 14:31:37.168,,,,,23,,
2023-08-15 14:31:37.170,,,,,,157,
2023-08-15 14:31:37.171,,,,,,,165
2023-08-15 14:31:37.245,,,,17,,,
2023-08-15 14:31:37.247,,,,,17,,
2023-08-15 14:31:37.249,,,,,,166,
2023-08-15 14:31:37.250,,,,,,,173
2023-08-15 14:31:37.322,,,,14,,,
2023-08-15 14:31:37.324,,,,,15,,
2023-08-15 14:31:37.326,,,,,,172,
2023-08-15 14:31:37.328,,,,,,,175
2023-08-15 14:31:37.404,,,,12,,,
2023-08-15 14:31:37.406,,,,,13,,
2023-08-15 14:31:37.408,,,,,,174,
2023-08-15 14:31:37.409,,,,,,,178
2023-08-15 14:31:37.450,63,,,,,,
2023-08-15 14:31:37.481,,,,13,,,
2023-08-15 14:31:37.483,,,,,14,,
2023-08-15 14:31:37.485,,,,,,174,
2023-08-15 14:31:37.487,,,,,,,177
2023-08-15 14:31:37.560,,,,14,,,
2023-08-15 14:31:37.562,,,,,15,,
2023-08-15 14:31:37.564,,,,,,174,
2023-08-15 14:31:37.565,,,,,,,177
2023-08-15 14:31:37.644,,,,16,,,
2023-08-15 14:31:37.645,,,,,16,,
2023-08-15 14:31:37.647,,,,,,174,
2023-08-15 14:31:37.649,,,,,,,179
2023-08-15 14:31:37.719,,,,21,,,
2023-08-15 14:31:37.721,,,,,17,,
2023-08-15 14:31:37.723,,,,,,164,
2023-08-15 14:31:37.725,,,,,,,177
2023-08-15 14:31:37.795,,,,29,,,
2023-08-15 14:31:37.797,,,,,23,,
2023-08-15 14:31:37.799,,,,,,156,
2023-08-15 14:31:37.800,,,,,,,177
2023-08-15 14:31:37.870,,,,49,,,
2023-08-15 14:31:37.872,,,,,38,,
2023-08-15 14:31:37.874,,,,,,39,
2023-08-15 14:31:37.876,,,,,,,2
2023-08-15 14:31:37.946,,,,65,,,
2023-08-15 14:31:37.948,,,,,53,,
2023-08-15 14:31:37.949,,,,,,10,
2023-08-15 14:31:37.951,,,,,,,2
2023-08-15 14:31:38.022,,,,82,,,
2023-08-15 14:31:38.024,,,,,67,,
2023-08-15 14:31:38.026,,,,,,2,
2023-08-15 14:31:38.028,,,,,,,6
2023-08-15 14:31:38.098,,,,99,,,
2023-08-15 14:31:38.100,,,,,82,,
2023-08-15 14:31:38.102,,,,,,2,
2023-08-15 14:31:38.104,,,,,,,15
2023-08-15 14:31:38.173,,,,107,,,
2023-08-15 14:31:38.175,,,,,90,,
2023-08-15 14:31:38.176,,,,,,13,
2023-08-15 14:31:38.178,,,,,,,20
2023-08-15 14:31:38.247,,,,113,,,
2023-08-15 14:31:38.249,,,,,93,,
2023-08-15 14:31:38.251,,,,,,18,
2023-08-15 14:31:38.252,,,,,,,20
2023-08-15 14:31:38.324,,,,112,,,
2023-08-15 14:31:38.326,,,,,90,,
2023-08-15 14:31:38.328,,,,,,16,
2023-08-15 14:31:38.330,,,,,,,16
2023-08-15 14:31:38.402,,,,109,,,
2023-08-15 14:31:38.404,,,,,89,,
2023-08-15 14:31:38.407,,,,,,12,
2023-08-15 14:31:38.408,,,,,,,14
2023-08-15 14:31:38.412,,,Right movement,,,,
2023-08-15 14:31:38.440,64,,,,,,
2023-08-15 14:31:38.488,,,,103,,,
2023-08-15 14:31:38.490,,,,,86,,
2023-08-15 14:31:38.492,,,,,,5,
2023-08-15 14:31:38.494,,,,,,,10
2023-08-15 14:31:38.566,,,,96,,,
2023-08-15 14:31:38.568,,,,,81,,
2023-08-15 14:31:38.569,,,,,,0,
2023-08-15 14:31:38.571,,,,,,,6
2023-08-15 14:31:38.643,,,,78,,,
2023-08-15 14:31:38.645,,,,,77,,
2023-08-15 14:31:38.647,,,,,,4,
2023-08-15 14:31:38.648,,,,,,,1
2023-08-15 14:31:38.720,,,,56,,,
2023-08-15 14:31:38.722,,,,,60,,
2023-08-15 14:31:38.724,,,,,,29,
2023-08-15 14:31:38.726,,,,,,,1
2023-08-15 14:31:38.797,,,,35,,,
2023-08-15 14:31:38.799,,,,,37,,
2023-08-15 14:31:38.801,,,,,,110,
2023-08-15 14:31:38.804,,,,,,,112
2023-08-15 14:31:38.879,,,,27,,,
2023-08-15 14:31:38.881,,,,,25,,
2023-08-15 14:31:38.882,,,,,,140,
2023-08-15 14:31:38.884,,,,,,,152
2023-08-15 14:31:38.956,,,,19,,,
2023-08-15 14:31:38.958,,,,,17,,
2023-08-15 14:31:38.960,,,,,,158,
2023-08-15 14:31:38.962,,,,,,,169
2023-08-15 14:31:39.037,,,,15,,,
2023-08-15 14:31:39.040,,,,,15,,
2023-08-15 14:31:39.042,,,,,,167,
2023-08-15 14:31:39.044,,,,,,,173
2023-08-15 14:31:39.118,,,,12,,,
2023-08-15 14:31:39.121,,,,,13,,
2023-08-15 14:31:39.123,,,,,,172,
2023-08-15 14:31:39.125,,,,,,,176
2023-08-15 14:31:39.196,,,,12,,,
2023-08-15 14:31:39.198,,,,,13,,
2023-08-15 14:31:39.200,,,,,,174,
2023-08-15 14:31:39.202,,,,,,,176
2023-08-15 14:31:39.275,,,,13,,,
2023-08-15 14:31:39.277,,,,,13,,
2023-08-15 14:31:39.279,,,,,,174,
2023-08-15 14:31:39.281,,,,,,,176
2023-08-15 14:31:39.351,,,,14,,,
2023-08-15 14:31:39.353,,,,,14,,
2023-08-15 14:31:39.354,,,,,,173,
2023-08-15 14:31:39.356,,,,,,,176
2023-08-15 14:31:39.429,,,,15,,,
2023-08-15 14:31:39.430,65,,,,,,
2023-08-15 14:31:39.431,,,,,16,,
2023-08-15 14:31:39.433,,,,,,172,
2023-08-15 14:31:39.435,,,,,,,176
2023-08-15 14:31:39.510,,,,17,,,
2023-08-15 14:31:39.512,,,,,16,,
2023-08-15 14:31:39.514,,,,,,172,
2023-08-15 14:31:39.516,,,,,,,178
2023-08-15 14:31:39.584,,,,26,,,
2023-08-15 14:31:39.586,,,,,22,,
2023-08-15 14:31:39.589,,,,,,157,
2023-08-15 14:31:39.590,,,,,,,170
2023-08-15 14:31:39.662,,,,41,,,
2023-08-15 14:31:39.664,,,,,38,,
2023-08-15 14:31:39.666,,,,,,43,
2023-08-15 14:31:39.667,,,,,,,1
2023-08-15 14:31:39.737,,,,58,,,
2023-08-15 14:31:39.739,,,,,52,,
2023-08-15 14:31:39.741,,,,,,15,
2023-08-15 14:31:39.743,,,,,,,2
2023-08-15 14:31:39.823,,,,81,,,
2023-08-15 14:31:39.825,,,,,67,,
2023-08-15 14:31:39.826,,,,,,8,
2023-08-15 14:31:39.828,,,,,,,12
2023-08-15 14:31:39.901,,,,96,,,
2023-08-15 14:31:39.904,,,,,79,,
2023-08-15 14:31:39.905,,,,,,20,
2023-08-15 14:31:39.907,,,,,,,20
2023-08-15 14:31:39.977,,,,103,,,
2023-08-15 14:31:39.979,,,,,87,,
2023-08-15 14:31:39.981,,,,,,24,
2023-08-15 14:31:39.982,,,,,,,23
2023-08-15 14:31:40.058,,,,108,,,
2023-08-15 14:31:40.059,,,,,92,,
2023-08-15 14:31:40.061,,,,,,25,
2023-08-15 14:31:40.063,,,,,,,26
2023-08-15 14:31:40.135,,,,108,,,
2023-08-15 14:31:40.136,,,,,93,,
2023-08-15 14:31:40.138,,,,,,25,
2023-08-15 14:31:40.140,,,,,,,25
2023-08-15 14:31:40.208,,,,107,,,
2023-08-15 14:31:40.210,,,,,92,,
2023-08-15 14:31:40.212,,,,,,24,
2023-08-15 14:31:40.214,,,,,,,23
2023-08-15 14:31:40.218,,,Right movement,,,,
2023-08-15 14:31:40.291,,,,106,,,
2023-08-15 14:31:40.293,,,,,90,,
2023-08-15 14:31:40.294,,,,,,21,
2023-08-15 14:31:40.296,,,,,,,22
2023-08-15 14:31:40.367,,,,100,,,
2023-08-15 14:31:40.369,,,,,87,,
2023-08-15 14:31:40.371,,,,,,15,
2023-08-15 14:31:40.372,,,,,,,17
2023-08-15 14:31:40.421,66,,,,,,
2023-08-15 14:31:40.446,,,,91,,,
2023-08-15 14:31:40.448,,,,,86,,
2023-08-15 14:31:40.450,,,,,,6,
2023-08-15 14:31:40.451,,,,,,,9
2023-08-15 14:31:40.522,,,,44,,,
2023-08-15 14:31:40.524,,,,,53,,
2023-08-15 14:31:40.526,,,,,,37,
2023-08-15 14:31:40.528,,,,,,,8
2023-08-15 14:31:40.596,,,,34,,,
2023-08-15 14:31:40.598,,,,,37,,
2023-08-15 14:31:40.600,,,,,,104,
2023-08-15 14:31:40.603,,,,,,,79
2023-08-15 14:31:40.675,,,,27,,,
2023-08-15 14:31:40.677,,,,,30,,
2023-08-15 14:31:40.679,,,,,,139,
2023-08-15 14:31:40.680,,,,,,,141
2023-08-15 14:31:40.752,,,,20,,,
2023-08-15 14:31:40.754,,,,,21,,
2023-08-15 14:31:40.756,,,,,,156,
2023-08-15 14:31:40.757,,,,,,,165
2023-08-15 14:31:40.826,,,,15,,,
2023-08-15 14:31:40.827,,,,,17,,
2023-08-15 14:31:40.829,,,,,,165,
2023-08-15 14:31:40.831,,,,,,,172
2023-08-15 14:31:40.902,,,,12,,,
2023-08-15 14:31:40.903,,,,,15,,
2023-08-15 14:31:40.905,,,,,,172,
2023-08-15 14:31:40.907,,,,,,,175
2023-08-15 14:31:40.978,,,,11,,,
2023-08-15 14:31:40.980,,,,,14,,
2023-08-15 14:31:40.982,,,,,,175,
2023-08-15 14:31:40.984,,,,,,,176
2023-08-15 14:31:41.055,,,,12,,,
2023-08-15 14:31:41.057,,,,,14,,
2023-08-15 14:31:41.059,,,,,,176,
2023-08-15 14:31:41.061,,,,,,,175
2023-08-15 14:31:41.130,,,,13,,,
2023-08-15 14:31:41.132,,,,,14,,
2023-08-15 14:31:41.134,,,,,,175,
2023-08-15 14:31:41.135,,,,,,,175
2023-08-15 14:31:41.205,,,,14,,,
2023-08-15 14:31:41.207,,,,,16,,
2023-08-15 14:31:41.209,,,,,,174,
2023-08-15 14:31:41.210,,,,,,,176
2023-08-15 14:31:41.281,,,,15,,,
2023-08-15 14:31:41.283,,,,,16,,
2023-08-15 14:31:41.285,,,,,,175,
2023-08-15 14:31:41.287,,,,,,,179
2023-08-15 14:31:41.366,,,,23,,,
2023-08-15 14:31:41.367,,,,,23,,
2023-08-15 14:31:41.369,,,,,,160,
2023-08-15 14:31:41.371,,,,,,,169
